# logA n_s H0 omega_b omega_cdm tau_reio A_planck epsilon_T
4.649424301080353774e-04 1.637821016846452323e-06 7.987212099276812943e-03 9.048281027567760403e-06 -9.980829509470993952e-06 8.596858855928872240e-05 1.694442655059524145e-04 1.896779183295678461e-05
1.637821016846452323e-06 1.435427811969068409e-05 4.565697010977185486e-04 5.312079904471172116e-07 -1.239258817139933328e-07 -7.130674203316805032e-07 -5.331233188768341248e-07 8.608395822964398165e-07
7.987212099276812943e-03 4.565697010977185486e-04 2.797554361604601247e+00 3.843493962258586957e-03 3.373884420864736462e-03 2.284048307292953564e-03 7.736368881845591210e-05 -1.502827838535273155e-04
9.048281027567760403e-06 5.312079904471172116e-07 3.843493962258586957e-03 6.175503856555803546e-06 5.580002760298622945e-06 3.806211997306283599e-06 -1.043058515273080098e-07 -1.526653213553748144e-06
-9.980829509470993952e-06 -1.239258817139933328e-07 3.373884420864736462e-03 5.580002760298622945e-06 1.648092234245744690e-05 6.343452508551092348e-07 1.405910016627617400e-06 -6.098242207415460148e-06
8.596858855928872240e-05 -7.130674203316806090e-07 2.284048307292953564e-03 3.806211997306283599e-06 6.343452508551092348e-07 5.326521170608231070e-05 3.733940424303429693e-06 9.036927974318607499e-07
1.694442655059524145e-04 -5.331233188768341248e-07 7.736368881845591210e-05 -1.043058515273080098e-07 1.405910016627617400e-06 3.733940424303429693e-06 1.295152727047452830e-04 -1.695630721484495082e-06
1.896779183295678461e-05 8.608395822964398165e-07 -1.502827838535272071e-04 -1.526653213553748144e-06 -6.098242207415460148e-06 9.036927974318607499e-07 -1.695630721484495082e-06 1.871521947476832167e-05
