
output = tCl
l_max_scalars = 2500
write background = yes
H0 = 67.36
omega_b = 0.022383
omega_cdm = 0.120011
tau_reio = 0.0543
ln10^{10}A_s = 3.0448
n_s = 0.96605
YHe = 0.2454
root = lcdm_baseline_
