# Matter power spectrum P(k) at redshift z=0.5
# for k=1.04741e-05 to 1.19979 h/Mpc,
# number of wavenumbers equal to 524
#    1:k (h/Mpc)              2:P (Mpc/h)^3        
       1.047411684609e-05       2.818290972789e+01 
       2.340697813828e-05       6.128484736676e+01 
       3.638563864047e-05       9.384810768748e+01 
       4.944530109215e-05       1.262080719935e+02 
       6.262175472052e-05       1.585583087925e+02 
       7.595169693025e-05       1.910455878957e+02 
       8.947306535302e-05       2.237965428279e+02 
       1.032253847063e-04       2.569286465179e+02 
       1.172501329443e-04       2.905558511370e+02 
       1.315911312188e-04       3.247920440328e+02 
       1.462949621704e-04       3.597534723947e+02 
       1.614114210084e-04       3.955606502990e+02 
       1.769940036457e-04       4.323400021830e+02 
       1.931004357635e-04       4.702253841605e+02 
       2.097932459881e-04       5.093595443394e+02 
       2.271403852212e-04       5.498955812720e+02 
       2.452158924160e-04       5.919984079000e+02 
       2.641006044790e-04       6.358462313858e+02 
       2.838829042425e-04       6.816320388671e+02 
       3.046594952246e-04       7.295650576901e+02 
       3.265361847916e-04       7.798721449034e+02 
       3.496286479396e-04       8.327990359576e+02 
       3.740631318178e-04       8.886113478398e+02 
       3.999770461020e-04       9.475952098987e+02 
       4.275193664164e-04       1.010057338661e+03 
       4.568507578338e-04       1.076324361776e+03 
       4.881433045401e-04       1.146741106731e+03 
       5.215797128217e-04       1.221667603200e+03 
       5.573518420615e-04       1.301474476301e+03 
       5.956584186830e-04       1.386536474516e+03 
       6.367018087637e-04       1.477223923153e+03 
       6.806837745540e-04       1.573892057131e+03 
       7.278002247239e-04       1.676868366232e+03 
       7.782350888536e-04       1.786438422943e+03 
       8.321535952657e-04       1.902830949193e+03 
       8.896953873442e-04       2.026203203639e+03 
       9.509680446784e-04       2.156628045245e+03 
       1.016041643195e-03       2.294084049733e+03 
       1.084944959445e-03       2.438449918497e+03 
       1.157663783857e-03       2.589504110570e+03 
       1.234141570835e-03       2.746929919903e+03 
       1.314282364506e-03       2.910325694313e+03 
       1.397955659952e-03       3.079203616477e+03 
       1.485002650688e-03       3.253043904450e+03 
       1.575243211716e-03       3.431293094380e+03 
       1.668482979903e-03       3.613372619185e+03 
       1.764519996905e-03       3.798702628927e+03 
       1.863150535605e-03       3.986715424596e+03 
       1.964173898484e-03       4.176865871803e+03 
       2.067396124614e-03       4.368639272023e+03 
       2.172632653849e-03       4.561555931384e+03 
       2.279710068068e-03       4.755174211611e+03 
       2.388467064399e-03       4.949091876792e+03 
       2.498754823052e-03       5.142945130138e+03 
       2.610436922104e-03       5.336407999894e+03 
       2.723388931559e-03       5.529189703084e+03 
       2.837497795229e-03       5.721032549854e+03 
       2.952661085471e-03       5.911709341885e+03 
       3.068786194638e-03       6.101019174474e+03 
       3.185789509337e-03       6.288787336588e+03 
       3.303595599287e-03       6.474860839219e+03 
       3.422136441610e-03       6.659107781611e+03 
       3.541350693115e-03       6.841411608413e+03 
       3.661183017220e-03       7.021674603016e+03 
       3.781583467992e-03       7.199811621368e+03 
       3.902506930941e-03       7.375751472178e+03 
       4.023912618417e-03       7.549432717456e+03 
       4.145763616341e-03       7.720804034282e+03 
       4.268026478438e-03       7.889824900136e+03 
       4.390670863877e-03       8.056460138223e+03 
       4.513669214248e-03       8.220684670277e+03 
       4.636996465921e-03       8.382473335019e+03 
       4.760629794102e-03       8.541812988251e+03 
       4.884548385138e-03       8.698695975527e+03 
       5.008733233957e-03       8.853110161779e+03 
       5.133166963815e-03       9.005057419049e+03 
       5.257833665812e-03       9.154533493002e+03 
       5.382718755917e-03       9.301538297737e+03 
       5.507808847479e-03       9.446183567944e+03 
       5.633091637463e-03       9.588328790309e+03 
       5.758555804809e-03       9.727939310168e+03 
       5.884190919538e-03       9.865034554583e+03 
       6.009987361379e-03       9.999707329942e+03 
       6.135936246824e-03       1.013198627845e+04 
       6.262029363665e-03       1.026188088088e+04 
       6.388259112180e-03       1.038968405577e+04 
       6.514618452218e-03       1.051532743653e+04 
       6.641100855536e-03       1.063825905312e+04 
       6.767700262811e-03       1.075888494043e+04 
       6.894411044829e-03       1.087722017642e+04 
       7.021227967389e-03       1.099327756080e+04 
       7.148146159534e-03       1.110707337260e+04 
       7.275161084765e-03       1.121861964668e+04 
       7.402268514908e-03       1.132795640341e+04 
       7.529464506388e-03       1.143510601430e+04 
       7.656745378635e-03       1.154015723488e+04 
       7.784107694432e-03       1.164298804949e+04 
       7.911548241991e-03       1.174368604542e+04 
       8.039064018603e-03       1.184226505240e+04 
       8.166652215698e-03       1.193876322463e+04 
       8.294310205178e-03       1.203319874211e+04 
       8.422035526911e-03       1.212559309963e+04 
       8.549825877263e-03       1.221596197726e+04 
       8.677679098588e-03       1.230433548493e+04 
       8.805593169567e-03       1.239073417814e+04 
       8.933566196333e-03       1.247517309058e+04 
       9.061596404315e-03       1.255767552621e+04 
       9.189682130712e-03       1.263826412931e+04 
       9.317821817576e-03       1.271695652461e+04 
       9.446014005420e-03       1.279377263731e+04 
       9.574257327326e-03       1.286874284625e+04 
       9.702550503498e-03       1.294187945784e+04 
       9.830892336229e-03       1.301320269226e+04 
       9.959281705252e-03       1.308273515264e+04 
       1.008771756342e-02       1.315049540749e+04 
       1.021619893274e-02       1.321649995413e+04 
       1.034472490063e-02       1.328066007797e+04 
       1.047329461654e-02       1.334334043157e+04 
       1.060190728875e-02       1.340420681116e+04 
       1.073056218140e-02       1.346341832350e+04 
       1.085925861179e-02       1.352095600431e+04 
       1.098799594780e-02       1.357685855380e+04 
       1.111677360552e-02       1.363115000066e+04 
       1.124559104710e-02       1.368384292557e+04 
       1.137444777862e-02       1.373495504979e+04 
       1.150334334829e-02       1.378450912587e+04 
       1.163227734460e-02       1.383251169833e+04 
       1.176124939471e-02       1.387899015552e+04 
       1.189025916291e-02       1.392396404363e+04 
       1.201930634923e-02       1.396744845877e+04 
       1.214839068806e-02       1.400944215857e+04 
       1.227751194696e-02       1.404999472364e+04 
       1.240666992550e-02       1.408910633681e+04 
       1.253586445421e-02       1.412682006372e+04 
       1.266509539358e-02       1.416308042551e+04 
       1.279436263316e-02       1.419797711109e+04 
       1.292366609070e-02       1.423153293039e+04 
       1.305300571136e-02       1.426369176603e+04 
       1.318238146700e-02       1.429453564845e+04 
       1.331179335550e-02       1.432405609431e+04 
       1.344124140012e-02       1.435226201362e+04 
       1.357072564898e-02       1.437914974300e+04 
       1.370024617447e-02       1.440480123200e+04 
       1.382980307283e-02       1.442916239009e+04 
       1.395939646367e-02       1.445232405971e+04 
       1.408902648959e-02       1.447423700795e+04 
       1.421869331580e-02       1.449489193088e+04 
       1.434839712984e-02       1.451441636266e+04 
       1.447813814122e-02       1.453269596461e+04 
       1.460791658119e-02       1.454985260419e+04 
       1.473773270254e-02       1.456582052187e+04 
       1.486758677935e-02       1.458067809957e+04 
       1.499747910682e-02       1.459438255973e+04 
       1.512741000118e-02       1.460698734592e+04 
       1.525737979950e-02       1.461850809188e+04 
       1.538738885963e-02       1.462893391936e+04 
       1.551743756013e-02       1.463829116011e+04 
       1.564752630020e-02       1.464662852982e+04 
       1.577765549967e-02       1.465388452122e+04 
       1.590782559901e-02       1.466009939542e+04 
       1.603803705930e-02       1.466532253892e+04 
       1.616829036231e-02       1.466956347472e+04 
       1.629858601055e-02       1.467280839690e+04 
       1.642892452731e-02       1.467503903880e+04 
       1.655930645679e-02       1.467636050461e+04 
       1.668973236422e-02       1.467654597397e+04 
       1.682020283596e-02       1.467597762987e+04 
       1.695071847966e-02       1.467445500479e+04 
       1.708127992444e-02       1.467222872965e+04 
       1.721188782106e-02       1.466888449896e+04 
       1.734254284213e-02       1.466471421376e+04 
       1.747324568231e-02       1.465964098522e+04 
       1.760399705858e-02       1.465371673038e+04 
       1.773479771045e-02       1.464696591046e+04 
       1.786564840027e-02       1.463935982258e+04 
       1.799654991347e-02       1.463078385093e+04 
       1.812750305891e-02       1.462171285505e+04 
       1.825850866915e-02       1.461149599041e+04 
       1.838956760084e-02       1.460084133026e+04 
       1.852068073501e-02       1.458928093652e+04 
       1.865184897749e-02       1.457692114621e+04 
       1.878307325927e-02       1.456381914832e+04 
       1.891435453690e-02       1.454998538044e+04 
       1.904569379293e-02       1.453540989300e+04 
       1.917709203633e-02       1.451976320031e+04 
       1.930855030296e-02       1.450387490410e+04 
       1.944006965601e-02       1.448739468713e+04 
       1.957165118653e-02       1.447004367455e+04 
       1.970329601393e-02       1.445200971239e+04 
       1.983500528649e-02       1.443329135460e+04 
       1.996678018191e-02       1.441391445414e+04 
       2.009862190791e-02       1.439369984794e+04 
       2.023053170277e-02       1.437297903697e+04 
       2.036251083596e-02       1.435203610978e+04 
       2.049456060877e-02       1.433020240081e+04 
       2.062668235494e-02       1.430745150166e+04 
       2.075887744137e-02       1.428468481491e+04 
       2.089114726874e-02       1.426070753848e+04 
       2.102349327230e-02       1.423687384394e+04 
       2.115591692256e-02       1.421214835485e+04 
       2.128841972607e-02       1.418639905344e+04 
       2.142100322619e-02       1.416065858027e+04 
       2.155366900392e-02       1.413439297242e+04 
       2.168641867873e-02       1.410780408745e+04 
       2.181925390940e-02       1.407995726604e+04 
       2.195217639494e-02       1.405208549818e+04 
       2.208518787548e-02       1.402377783226e+04 
       2.221829013325e-02       1.399494160491e+04 
       2.235148499353e-02       1.396567602454e+04 
       2.248477432565e-02       1.393620868268e+04 
       2.261816004403e-02       1.390597979297e+04 
       2.275164410930e-02       1.387529860263e+04 
       2.288522852932e-02       1.384386657850e+04 
       2.301891536037e-02       1.381228858673e+04 
       2.315270670832e-02       1.378036264937e+04 
       2.328660472984e-02       1.374834331778e+04 
       2.342061163362e-02       1.371525018412e+04 
       2.355472968169e-02       1.368242101367e+04 
       2.368896119074e-02       1.364889786605e+04 
       2.382330853348e-02       1.361473688688e+04 
       2.395777414007e-02       1.358043865001e+04 
       2.409236049956e-02       1.354577333434e+04 
       2.422707016141e-02       1.351114243385e+04 
       2.436190573704e-02       1.347546313209e+04 
       2.449686990143e-02       1.344015043156e+04 
       2.463196539478e-02       1.340417738622e+04 
       2.476719502422e-02       1.336764561896e+04 
       2.490256166557e-02       1.333091672165e+04 
       2.503806826517e-02       1.329407536277e+04 
       2.517371784176e-02       1.325716484391e+04 
       2.530951348841e-02       1.321943428592e+04 
       2.544545837456e-02       1.318159094384e+04 
       2.558155574809e-02       1.314345780596e+04 
       2.571780893744e-02       1.310510473560e+04 
       2.585422135386e-02       1.306665388095e+04 
       2.599079649370e-02       1.302777234157e+04 
       2.612753794076e-02       1.298899286356e+04 
       2.626444936879e-02       1.294953893605e+04 
       2.640153454398e-02       1.291005668735e+04 
       2.653879732764e-02       1.287020254387e+04 
       2.667624167887e-02       1.283029581703e+04 
       2.681387165741e-02       1.279014392944e+04 
       2.695169142657e-02       1.274972565132e+04 
       2.708970525619e-02       1.270921620731e+04 
       2.722791752585e-02       1.266840241388e+04 
       2.736633272804e-02       1.262756744113e+04 
       2.750495547159e-02       1.258626253723e+04 
       2.764379048508e-02       1.254509555265e+04 
       2.778284262052e-02       1.250358392849e+04 
       2.792211685707e-02       1.246191664275e+04 
       2.806161830491e-02       1.242012727995e+04 
       2.820135220932e-02       1.237814242978e+04 
       2.834132395484e-02       1.233609193325e+04 
       2.848153906961e-02       1.229387017965e+04 
       2.862200322990e-02       1.225150097839e+04 
       2.876272226483e-02       1.220904277147e+04 
       2.890370216121e-02       1.216640885157e+04 
       2.904494906860e-02       1.212392535649e+04 
       2.918646930465e-02       1.208091347719e+04 
       2.932826936051e-02       1.203789240299e+04 
       2.947035590656e-02       1.199485274700e+04 
       2.961273579837e-02       1.195171861336e+04 
       2.975541608286e-02       1.190843232102e+04 
       2.989840400474e-02       1.186510421650e+04 
       3.004170701324e-02       1.182168119275e+04 
       3.018533276907e-02       1.177814286280e+04 
       3.032928915173e-02       1.173460697759e+04 
       3.047358426711e-02       1.169092176459e+04 
       3.061822645540e-02       1.164723455907e+04 
       3.076322429940e-02       1.160340039973e+04 
       3.090858663313e-02       1.155978914591e+04 
       3.105432255086e-02       1.151565336672e+04 
       3.120044141658e-02       1.147173859295e+04 
       3.134695287377e-02       1.142776334498e+04 
       3.149386685579e-02       1.138389130892e+04 
       3.164119359661e-02       1.133958671619e+04 
       3.178894364210e-02       1.129561881301e+04 
       3.193712786184e-02       1.125133084943e+04 
       3.208575746150e-02       1.120709266736e+04 
       3.223484399578e-02       1.116295907523e+04 
       3.238439938200e-02       1.111870103492e+04 
       3.253443591435e-02       1.107439638304e+04 
       3.268496627884e-02       1.103025108558e+04 
       3.283600356900e-02       1.098585453501e+04 
       3.298756130230e-02       1.094150630196e+04 
       3.313965343756e-02       1.089724389342e+04 
       3.329229439305e-02       1.085301600043e+04 
       3.344549906571e-02       1.080860113023e+04 
       3.359928285123e-02       1.076423021061e+04 
       3.375366166531e-02       1.071986570233e+04 
       3.390865196594e-02       1.067544374454e+04 
       3.406427077698e-02       1.063111093020e+04 
       3.422053571297e-02       1.058682356498e+04 
       3.437746500533e-02       1.054252891826e+04 
       3.453507752999e-02       1.049817795572e+04 
       3.469339283663e-02       1.045375553553e+04 
       3.485243117952e-02       1.040961564400e+04 
       3.501221355020e-02       1.036518933354e+04 
       3.517276171201e-02       1.032093216877e+04 
       3.533409823667e-02       1.027672107926e+04 
       3.549624654310e-02       1.023244167450e+04 
       3.565923093846e-02       1.018822048763e+04 
       3.582307666181e-02       1.014402542741e+04 
       3.598780993042e-02       1.009985371311e+04 
       3.615345798896e-02       1.005577261666e+04 
       3.632004916182e-02       1.001152234580e+04 
       3.648761290880e-02       9.967422560380e+03 
       3.665617988439e-02       9.923336447281e+03 
       3.682578200093e-02       9.879224345902e+03 
       3.699645249602e-02       9.835172914360e+03 
       3.716822600445e-02       9.791211801859e+03 
       3.734113863504e-02       9.747164792005e+03 
       3.751522805277e-02       9.703247346431e+03 
       3.769053356676e-02       9.659281454275e+03 
       3.786709622443e-02       9.615198460357e+03 
       3.804495891244e-02       9.571277192517e+03 
       3.822416646510e-02       9.527537978588e+03 
       3.840476578071e-02       9.483498795254e+03 
       3.858680594674e-02       9.439776800701e+03 
       3.877033837451e-02       9.395809918422e+03 
       3.895541694433e-02       9.351959691550e+03 
       3.914209816201e-02       9.308125566525e+03 
       3.933044132792e-02       9.264260277078e+03 
       3.952050871973e-02       9.220508121805e+03 
       3.971236579013e-02       9.176703185105e+03 
       3.990608138120e-02       9.132878683601e+03 
       4.010172795686e-02       9.089213355613e+03 
       4.029938185549e-02       9.045324311540e+03 
       4.049912356470e-02       9.001530451718e+03 
       4.070103802057e-02       8.957680758304e+03 
       4.090521493416e-02       8.913869902909e+03 
       4.111174914802e-02       8.870144319041e+03 
       4.132074102640e-02       8.826148758679e+03 
       4.153229688260e-02       8.782332791364e+03 
       4.174652944807e-02       8.738420839739e+03 
       4.196355838798e-02       8.694509639349e+03 
       4.218351086895e-02       8.650542865957e+03 
       4.240652218522e-02       8.606501842060e+03 
       4.263273645058e-02       8.562617603567e+03 
       4.286230736438e-02       8.518379703102e+03 
       4.309539906128e-02       8.474185069842e+03 
       4.333218705561e-02       8.430083669044e+03 
       4.357285929333e-02       8.385742832882e+03 
       4.381761732616e-02       8.341205329025e+03 
       4.406667762511e-02       8.296761056728e+03 
       4.432027305342e-02       8.252181433941e+03 
       4.457865452223e-02       8.207443419201e+03 
       4.484209285634e-02       8.162593428941e+03 
       4.511088090217e-02       8.117581861701e+03 
       4.538533591599e-02       8.072494048639e+03 
       4.566580227721e-02       8.027148220937e+03 
       4.595265458006e-02       7.981912219056e+03 
       4.624630116739e-02       7.936052078074e+03 
       4.654718818246e-02       7.890219660095e+03 
       4.685580423033e-02       7.844185514735e+03 
       4.717268575886e-02       7.797875036259e+03 
       4.749842329305e-02       7.751170225480e+03 
       4.783366868471e-02       7.704200284700e+03 
       4.817914357602e-02       7.657017694890e+03 
       4.853564931976e-02       7.609417758650e+03 
       4.890407865592e-02       7.561342154923e+03 
       4.928542951496e-02       7.512934588413e+03 
       4.968082140832e-02       7.463974252041e+03 
       5.009151498017e-02       7.414543785427e+03 
       5.051893544019e-02       7.364521953112e+03 
       5.096470078131e-02       7.313882911632e+03 
       5.143065592250e-02       7.262465347068e+03 
       5.191891421625e-02       7.210381301542e+03 
       5.243190814047e-02       7.157208431722e+03 
       5.297245147082e-02       7.103130432851e+03 
       5.354381581751e-02       7.047979809866e+03 
       5.414982511359e-02       6.991478804748e+03 
       5.479497243713e-02       6.933271950180e+03 
       5.548456435009e-02       6.873416160913e+03 
       5.622489852163e-02       6.811556882562e+03 
       5.702348027831e-02       6.747234886734e+03 
       5.788928186332e-02       6.679821969904e+03 
       5.883304257550e-02       6.608758454717e+03 
       5.986759484173e-02       6.533319557991e+03 
       6.100817415717e-02       6.451729449222e+03 
       6.227261979135e-02       6.363039553334e+03 
       6.368128682835e-02       6.264943757568e+03 
       6.525636656014e-02       6.154458252978e+03 
       6.702019064525e-02       6.028108016356e+03 
       6.899211351682e-02       5.881947278193e+03 
       7.118399884244e-02       5.711636285506e+03 
       7.359539700321e-02       5.513849672227e+03 
       7.621076071894e-02       5.287426096546e+03 
       7.900104405551e-02       5.034927366841e+03 
       8.192969609551e-02       4.763166918091e+03 
       8.496009510115e-02       4.481430224651e+03 
       8.806097767773e-02       4.201022463756e+03 
       9.120855108077e-02       3.932644859098e+03 
       9.438610130345e-02       3.685008151167e+03 
       9.758250148885e-02       3.463955723752e+03 
       1.007905985226e-01       3.273097079280e+03 
       1.040058945957e-01       3.112670623020e+03 
       1.072256002531e-01       2.980708069073e+03 
       1.104480001003e-01       2.873708724813e+03 
       1.136720446145e-01       2.786670421029e+03 
       1.168970935893e-01       2.714051099084e+03 
       1.201227571382e-01       2.649977639599e+03 
       1.233487979894e-01       2.589028019777e+03 
       1.265750717494e-01       2.526444176790e+03 
       1.298014904919e-01       2.458858187926e+03 
       1.330280006049e-01       2.384182804051e+03 
       1.362545693278e-01       2.301763551777e+03 
       1.394811765730e-01       2.212544015741e+03 
       1.427078099605e-01       2.118290586512e+03 
       1.459344618024e-01       2.021789609705e+03 
       1.491611272723e-01       1.925991978243e+03 
       1.523878032927e-01       1.833591706021e+03 
       1.556144878591e-01       1.747232010533e+03 
       1.588411796284e-01       1.668745894626e+03 
       1.620678776691e-01       1.599264353687e+03 
       1.652945813074e-01       1.539185887143e+03 
       1.685212900346e-01       1.488142077363e+03 
       1.717480034491e-01       1.445292686617e+03 
       1.749747212209e-01       1.409301055478e+03 
       1.782014430698e-01       1.378493624609e+03 
       1.814281687510e-01       1.351109588602e+03 
       1.846548980466e-01       1.325638291958e+03 
       1.878816307594e-01       1.300461835757e+03 
       1.911083667092e-01       1.274012997100e+03 
       1.943351057300e-01       1.245477520270e+03 
       1.975618476680e-01       1.214362221512e+03 
       2.007885923801e-01       1.180619965932e+03 
       2.040153397330e-01       1.144703225722e+03 
       2.072420896018e-01       1.107342240846e+03 
       2.104688418696e-01       1.069514207506e+03 
       2.136955964269e-01       1.032161780974e+03 
       2.169223531706e-01       9.961286093981e+02 
       2.201491120037e-01       9.620774313433e+02 
       2.233758728350e-01       9.305881983454e+02 
       2.266026355787e-01       9.019857335273e+02 
       2.298294001534e-01       8.763740082774e+02 
       2.330561664827e-01       8.536673649273e+02 
       2.362829344942e-01       8.336739066002e+02 
       2.395097041194e-01       8.159478390727e+02 
       2.427364752935e-01       8.000449213480e+02 
       2.459632479552e-01       7.854012750813e+02 
       2.491900220464e-01       7.713712414323e+02 
       2.524167975118e-01       7.575562360570e+02 
       2.556435742990e-01       7.434526574389e+02 
       2.588703523585e-01       7.288590455675e+02 
       2.620971316428e-01       7.136474672629e+02 
       2.653239121071e-01       6.977206328084e+02 
       2.685506937084e-01       6.812225940837e+02 
       2.717774764062e-01       6.643264374182e+02 
       2.750042601616e-01       6.472324405986e+02 
       2.782310449375e-01       6.302782828785e+02 
       2.814578306987e-01       6.136794455144e+02 
       2.846846174115e-01       5.977654378400e+02 
       2.879114050436e-01       5.827371566450e+02 
       2.911381935645e-01       5.687118772551e+02 
       2.943649829446e-01       5.557651840306e+02 
       2.975917731559e-01       5.438613597360e+02 
       3.008185641715e-01       5.329097380753e+02 
       3.040453559656e-01       5.228039384417e+02 
       3.072721485136e-01       5.133355919744e+02 
       3.104989417919e-01       5.044038040218e+02 
       3.137257357778e-01       4.958351171369e+02 
       3.169525304496e-01       4.874414366222e+02 
       3.201793257865e-01       4.790883422698e+02 
       3.234061217684e-01       4.706924387724e+02 
       3.266329183761e-01       4.621750663948e+02 
       3.298597155912e-01       4.535240336893e+02 
       3.330865133960e-01       4.447253702506e+02 
       3.363133117734e-01       4.358690257193e+02 
       3.395401107069e-01       4.270318524404e+02 
       3.427669101809e-01       4.182537552259e+02 
       3.459937101801e-01       4.096698062659e+02 
       3.492205106899e-01       4.013220830667e+02 
       3.524473116962e-01       3.932830072310e+02 
       3.556741131854e-01       3.855606544065e+02 
       3.589009151444e-01       3.782497130697e+02 
       3.621277175607e-01       3.712944405299e+02 
       3.653545204221e-01       3.647316451732e+02 
       3.685813237168e-01       3.585154423758e+02 
       3.718081274334e-01       3.525904220884e+02 
       3.750349315612e-01       3.469034330507e+02 
       3.782617360894e-01       3.414049391573e+02 
       3.814885410079e-01       3.360178100030e+02 
       3.847153463068e-01       3.307119022392e+02 
       3.879421519766e-01       3.254571053828e+02 
       3.911689580081e-01       3.202208278537e+02 
       3.943957643923e-01       3.150274113790e+02 
       3.976225711207e-01       3.098565506352e+02 
       4.008493781849e-01       3.046920741010e+02 
       4.040761855768e-01       2.995733463051e+02 
       4.073029932886e-01       2.945080310968e+02 
       4.105298013127e-01       2.895270934500e+02 
       4.137566096418e-01       2.846509785411e+02 
       4.169834182688e-01       2.799090313899e+02 
       4.202102271867e-01       2.753027626052e+02 
       4.234370363890e-01       2.708350813749e+02 
       4.266638458692e-01       2.665256643749e+02 
       4.298906556209e-01       2.623600350191e+02 
       4.331174656380e-01       2.583371479021e+02 
       4.363442759147e-01       2.544393655221e+02 
       4.395710864453e-01       2.506671968762e+02 
       4.427978972241e-01       2.470002315979e+02 
       4.460247082457e-01       2.434274648147e+02 
       4.492515195049e-01       2.399322672432e+02 
       4.524783309966e-01       2.364976746398e+02 
       4.557051427159e-01       2.331108963511e+02 
       4.589319546578e-01       2.297587755602e+02 
       4.621587668178e-01       2.264483455476e+02 
       4.653855791913e-01       2.231750254274e+02 
       4.686123917739e-01       2.199416467988e+02 
       4.718392045612e-01       2.167511153246e+02 
       4.903398684775e-01       1.994967592232e+02 
       5.101808916604e-01       1.834734282499e+02 
       5.316159777690e-01       1.682351802517e+02 
       5.549850815215e-01       1.532885385224e+02 
       5.807573775917e-01       1.390108697681e+02 
       6.096037565882e-01       1.251535764970e+02 
       6.425258304123e-01       1.115435010988e+02 
       6.811003658375e-01       9.813374704008e+01 
       7.279774385130e-01       8.467987634534e+01 
       7.879795572789e-01       7.095109179837e+01 
       8.706883585124e-01       5.664834718934e+01 
       9.962023949991e-01       4.165941367884e+01 
       1.199790826854e+00       2.707718772850e+01 
