# Matter power spectrum P(k) at redshift z=0
# for k=1.04741e-05 to 1.19979 h/Mpc,
# number of wavenumbers equal to 524
#    1:k (h/Mpc)              2:P (Mpc/h)^3        
       1.047411684609e-05       4.765107020641e+01 
       2.340697813828e-05       1.036190536763e+02 
       3.638563864047e-05       1.586761329536e+02 
       4.944530109215e-05       2.133892676740e+02 
       6.262175472052e-05       2.680856680126e+02 
       7.595169693025e-05       3.230134047685e+02 
       8.947306535302e-05       3.783865049684e+02 
       1.032253847063e-04       4.344034841720e+02 
       1.172501329443e-04       4.912569025412e+02 
       1.315911312188e-04       5.491391952846e+02 
       1.462949621704e-04       6.082467705354e+02 
       1.614114210084e-04       6.687832311946e+02 
       1.769940036457e-04       7.309621512034e+02 
       1.931004357635e-04       7.950096410794e+02 
       2.097932459881e-04       8.611668160422e+02 
       2.271403852212e-04       9.296922546766e+02 
       2.452158924160e-04       1.000864469371e+03 
       2.641006044790e-04       1.074984404035e+03 
       2.838829042425e-04       1.152377939050e+03 
       3.046594952246e-04       1.233398356341e+03 
       3.265361847916e-04       1.318428684198e+03 
       3.496286479396e-04       1.407883806340e+03 
       3.740631318178e-04       1.502212158284e+03 
       3.999770461020e-04       1.601896800203e+03 
       4.275193664164e-04       1.707455554075e+03 
       4.568507578338e-04       1.819439884381e+03 
       4.881433045401e-04       1.938432035310e+03 
       5.215797128217e-04       2.065040009934e+03 
       5.573518420615e-04       2.199889842212e+03 
       5.956584186830e-04       2.343614727277e+03 
       6.367018087637e-04       2.496840647785e+03 
       6.806837745540e-04       2.660168411196e+03 
       7.278002247239e-04       2.834152293393e+03 
       7.782350888536e-04       3.019276071678e+03 
       8.321535952657e-04       3.215927692950e+03 
       8.896953873442e-04       3.424374398495e+03 
       9.509680446784e-04       3.644740618548e+03 
       1.016041643195e-03       3.876991014065e+03 
       1.084944959445e-03       4.120920842818e+03 
       1.157663783857e-03       4.376155328490e+03 
       1.234141570835e-03       4.642158406731e+03 
       1.314282364506e-03       4.918250458286e+03 
       1.397955659952e-03       5.203606515014e+03 
       1.485002650688e-03       5.497348201625e+03 
       1.575243211716e-03       5.798540745698e+03 
       1.668482979903e-03       6.106207132813e+03 
       1.764519996905e-03       6.419367950899e+03 
       1.863150535605e-03       6.737063851770e+03 
       1.964173898484e-03       7.058373210317e+03 
       2.067396124614e-03       7.382425739243e+03 
       2.172632653849e-03       7.708410530383e+03 
       2.279710068068e-03       8.035581330607e+03 
       2.388467064399e-03       8.363258669967e+03 
       2.498754823052e-03       8.690827981323e+03 
       2.610436922104e-03       9.017738407453e+03 
       2.723388931559e-03       9.343498378653e+03 
       2.837497795229e-03       9.667672239237e+03 
       2.952661085471e-03       9.989875990987e+03 
       3.068786194638e-03       1.030977019200e+04 
       3.185789509337e-03       1.062705962565e+04 
       3.303595599287e-03       1.094148596203e+04 
       3.422136441610e-03       1.125282608624e+04 
       3.541350693115e-03       1.156088294727e+04 
       3.661183017220e-03       1.186549130389e+04 
       3.781583467992e-03       1.216650750954e+04 
       3.902506930941e-03       1.246381104868e+04 
       4.023912618417e-03       1.275729815192e+04 
       4.145763616341e-03       1.304688209636e+04 
       4.268026478438e-03       1.333249435793e+04 
       4.390670863877e-03       1.361407547945e+04 
       4.513669214248e-03       1.389158305211e+04 
       4.636996465921e-03       1.416497452835e+04 
       4.760629794102e-03       1.443421315344e+04 
       4.884548385138e-03       1.469928665725e+04 
       5.008733233957e-03       1.496022076839e+04 
       5.133166963815e-03       1.521697045977e+04 
       5.257833665812e-03       1.546949687917e+04 
       5.382718755917e-03       1.571795755478e+04 
       5.507808847479e-03       1.596225892102e+04 
       5.633091637463e-03       1.620239315060e+04 
       5.758555804809e-03       1.643766635461e+04 
       5.884190919538e-03       1.666957350343e+04 
       6.009987361379e-03       1.689736971529e+04 
       6.135936246824e-03       1.712105058951e+04 
       6.262029363665e-03       1.734081582847e+04 
       6.388259112180e-03       1.755666145331e+04 
       6.514618452218e-03       1.776878159905e+04 
       6.641100855536e-03       1.797640240624e+04 
       6.767700262811e-03       1.818020575508e+04 
       6.894411044829e-03       1.838017988283e+04 
       7.021227967389e-03       1.857632311929e+04 
       7.148146159534e-03       1.876865073814e+04 
       7.275161084765e-03       1.895699261039e+04 
       7.402268514908e-03       1.914185497226e+04 
       7.529464506388e-03       1.932283811023e+04 
       7.656745378635e-03       1.950077806789e+04 
       7.784107694432e-03       1.967453512721e+04 
       7.911548241991e-03       1.984468100711e+04 
       8.039064018603e-03       2.001127748912e+04 
       8.166652215698e-03       2.017436297890e+04 
       8.294310205178e-03       2.033394058160e+04 
       8.422035526911e-03       2.049008724793e+04 
       8.549825877263e-03       2.064280797875e+04 
       8.677679098588e-03       2.079214820423e+04 
       8.805593169567e-03       2.093814734491e+04 
       8.933566196333e-03       2.108081493203e+04 
       9.061596404315e-03       2.122020705838e+04 
       9.189682130712e-03       2.135639120715e+04 
       9.317821817576e-03       2.148936520256e+04 
       9.446014005420e-03       2.161918307186e+04 
       9.574257327326e-03       2.174586197000e+04 
       9.702550503498e-03       2.186944497577e+04 
       9.830892336229e-03       2.198996670513e+04 
       9.959281705252e-03       2.210746752647e+04 
       1.008771756342e-02       2.222197105195e+04 
       1.021619893274e-02       2.233350504260e+04 
       1.034472490063e-02       2.244147525143e+04 
       1.047329461654e-02       2.254784078989e+04 
       1.060190728875e-02       2.265071616119e+04 
       1.073056218140e-02       2.275080624506e+04 
       1.085925861179e-02       2.284797433930e+04 
       1.098799594780e-02       2.294243891289e+04 
       1.111677360552e-02       2.303417403959e+04 
       1.124559104710e-02       2.312322521048e+04 
       1.137444777862e-02       2.320961077003e+04 
       1.150334334829e-02       2.329333642280e+04 
       1.163227734460e-02       2.337444551504e+04 
       1.176124939471e-02       2.345298622542e+04 
       1.189025916291e-02       2.352898073730e+04 
       1.201930634923e-02       2.360246796155e+04 
       1.214839068806e-02       2.367341656957e+04 
       1.227751194696e-02       2.374191947202e+04 
       1.240666992550e-02       2.380803393756e+04 
       1.253586445421e-02       2.387177162756e+04 
       1.266509539358e-02       2.393304534555e+04 
       1.279436263316e-02       2.399201509331e+04 
       1.292366609070e-02       2.404878073153e+04 
       1.305300571136e-02       2.410304643241e+04 
       1.318238146700e-02       2.415525159082e+04 
       1.331179335550e-02       2.420512749010e+04 
       1.344124140012e-02       2.425279451578e+04 
       1.357072564898e-02       2.429813746980e+04 
       1.370024617447e-02       2.434159151557e+04 
       1.382980307283e-02       2.438271396166e+04 
       1.395939646367e-02       2.442184177572e+04 
       1.408902648959e-02       2.445890442937e+04 
       1.421869331580e-02       2.449380092559e+04 
       1.434839712984e-02       2.452679983138e+04 
       1.447813814122e-02       2.455762468834e+04 
       1.460791658119e-02       2.458664758056e+04 
       1.473773270254e-02       2.461362328503e+04 
       1.486758677935e-02       2.463874243799e+04 
       1.499747910682e-02       2.466186283738e+04 
       1.512741000118e-02       2.468320685790e+04 
       1.525737979950e-02       2.470268580707e+04 
       1.538738885963e-02       2.472026727558e+04 
       1.551743756013e-02       2.473608439190e+04 
       1.564752630020e-02       2.475021347486e+04 
       1.577765549967e-02       2.476247731772e+04 
       1.590782559901e-02       2.477295604995e+04 
       1.603803705930e-02       2.478174549685e+04 
       1.616829036231e-02       2.478897523237e+04 
       1.629858601055e-02       2.479437827974e+04 
       1.642892452731e-02       2.479816945563e+04 
       1.655930645679e-02       2.480041675005e+04 
       1.668973236422e-02       2.480007135488e+04 
       1.682020283596e-02       2.479945196218e+04 
       1.695071847966e-02       2.479665262378e+04 
       1.708127992444e-02       2.479339373587e+04 
       1.721188782106e-02       2.478779953569e+04 
       1.734254284213e-02       2.478074586120e+04 
       1.747324568231e-02       2.477215841923e+04 
       1.760399705858e-02       2.476216731435e+04 
       1.773479771045e-02       2.475070753295e+04 
       1.786564840027e-02       2.473793053968e+04 
       1.799654991347e-02       2.472319585429e+04 
       1.812750305891e-02       2.470807308481e+04 
       1.825850866915e-02       2.469019414404e+04 
       1.838956760084e-02       2.467275777204e+04 
       1.852068073501e-02       2.465330383924e+04 
       1.865184897749e-02       2.463241956063e+04 
       1.878307325927e-02       2.461027324139e+04 
       1.891435453690e-02       2.458689995502e+04 
       1.904569379293e-02       2.456227192571e+04 
       1.917709203633e-02       2.453567753899e+04 
       1.930855030296e-02       2.450854433138e+04 
       1.944006965601e-02       2.448111369116e+04 
       1.957165118653e-02       2.445180918230e+04 
       1.970329601393e-02       2.442133701214e+04 
       1.983500528649e-02       2.438957178682e+04 
       1.996678018191e-02       2.435702628246e+04 
       2.009862190791e-02       2.432262814553e+04 
       2.023053170277e-02       2.428765041431e+04 
       2.036251083596e-02       2.425230031499e+04 
       2.049456060877e-02       2.421550172589e+04 
       2.062668235494e-02       2.417664450971e+04 
       2.075887744137e-02       2.413849706837e+04 
       2.089114726874e-02       2.409791511356e+04 
       2.102349327230e-02       2.405779036105e+04 
       2.115591692256e-02       2.401593057402e+04 
       2.128841972607e-02       2.397227086730e+04 
       2.142100322619e-02       2.392859748814e+04 
       2.155366900392e-02       2.388417661107e+04 
       2.168641867873e-02       2.383968077780e+04 
       2.181925390940e-02       2.379260922026e+04 
       2.195217639494e-02       2.374551002807e+04 
       2.208518787548e-02       2.369737491955e+04 
       2.221829013325e-02       2.364877010450e+04 
       2.235148499353e-02       2.359920323040e+04 
       2.248477432565e-02       2.354964676714e+04 
       2.261816004403e-02       2.349856171126e+04 
       2.275164410930e-02       2.344664756858e+04 
       2.288522852932e-02       2.339341262464e+04 
       2.301891536037e-02       2.334024215225e+04 
       2.315270670832e-02       2.328617989243e+04 
       2.328660472984e-02       2.323215104146e+04 
       2.342061163362e-02       2.317617457739e+04 
       2.355472968169e-02       2.312075947024e+04 
       2.368896119074e-02       2.306411592035e+04 
       2.382330853348e-02       2.300614754412e+04 
       2.395777414007e-02       2.294824516081e+04 
       2.409236049956e-02       2.288970792982e+04 
       2.422707016141e-02       2.283143027521e+04 
       2.436190573704e-02       2.277103272353e+04 
       2.449686990143e-02       2.271147839430e+04 
       2.463196539478e-02       2.265069886003e+04 
       2.476719502422e-02       2.258906092773e+04 
       2.490256166557e-02       2.252678130697e+04 
       2.503806826517e-02       2.246440338760e+04 
       2.517371784176e-02       2.240202703027e+04 
       2.530951348841e-02       2.233832469563e+04 
       2.544545837456e-02       2.227436461689e+04 
       2.558155574809e-02       2.221007261977e+04 
       2.571780893744e-02       2.214551318950e+04 
       2.585422135386e-02       2.208046076477e+04 
       2.599079649370e-02       2.201483564701e+04 
       2.612753794076e-02       2.194916062416e+04 
       2.626444936879e-02       2.188241781212e+04 
       2.640153454398e-02       2.181577660025e+04 
       2.653879732764e-02       2.174842990974e+04 
       2.667624167887e-02       2.168081112658e+04 
       2.681387165741e-02       2.161297089143e+04 
       2.695169142657e-02       2.154467729039e+04 
       2.708970525619e-02       2.147629840459e+04 
       2.722791752585e-02       2.140726918829e+04 
       2.736633272804e-02       2.133843687750e+04 
       2.750495547159e-02       2.126863301848e+04 
       2.764379048508e-02       2.119907416440e+04 
       2.778284262052e-02       2.112893101352e+04 
       2.792211685707e-02       2.105834512368e+04 
       2.806161830491e-02       2.098773814606e+04 
       2.820135220932e-02       2.091693471606e+04 
       2.834132395484e-02       2.084572535548e+04 
       2.848153906961e-02       2.077436450816e+04 
       2.862200322990e-02       2.070281617376e+04 
       2.876272226483e-02       2.063104216114e+04 
       2.890370216121e-02       2.055903284055e+04 
       2.904494906860e-02       2.048725464556e+04 
       2.918646930465e-02       2.041465533833e+04 
       2.932826936051e-02       2.034181595135e+04 
       2.947035590656e-02       2.026909842107e+04 
       2.961273579837e-02       2.019618415697e+04 
       2.975541608286e-02       2.012304530009e+04 
       2.989840400474e-02       2.004984063608e+04 
       3.004170701324e-02       1.997646119067e+04 
       3.018533276907e-02       1.990298706843e+04 
       3.032928915173e-02       1.982933454824e+04 
       3.047358426711e-02       1.975553131535e+04 
       3.061822645540e-02       1.968171795393e+04 
       3.076322429940e-02       1.960768784152e+04 
       3.090858663313e-02       1.953400334961e+04 
       3.105432255086e-02       1.945937238561e+04 
       3.120044141658e-02       1.938516386196e+04 
       3.134695287377e-02       1.931083588397e+04 
       3.149386685579e-02       1.923669340836e+04 
       3.164119359661e-02       1.916190327065e+04 
       3.178894364210e-02       1.908752604784e+04 
       3.193712786184e-02       1.901274107318e+04 
       3.208575746150e-02       1.893806731041e+04 
       3.223484399578e-02       1.886343122007e+04 
       3.238439938200e-02       1.878863684467e+04 
       3.253443591435e-02       1.871376150265e+04 
       3.268496627884e-02       1.863905808284e+04 
       3.283600356900e-02       1.856417132075e+04 
       3.298756130230e-02       1.848918075908e+04 
       3.313965343756e-02       1.841444815602e+04 
       3.329229439305e-02       1.833955879020e+04 
       3.344549906571e-02       1.826462440303e+04 
       3.359928285123e-02       1.818967869838e+04 
       3.375366166531e-02       1.811469863428e+04 
       3.390865196594e-02       1.803959550089e+04 
       3.406427077698e-02       1.796467928718e+04 
       3.422053571297e-02       1.788982682692e+04 
       3.437746500533e-02       1.781499703289e+04 
       3.453507752999e-02       1.774002601398e+04 
       3.469339283663e-02       1.766500579582e+04 
       3.485243117952e-02       1.759039152389e+04 
       3.501221355020e-02       1.751534057410e+04 
       3.517276171201e-02       1.744053986129e+04 
       3.533409823667e-02       1.736582753815e+04 
       3.549624654310e-02       1.729102449182e+04 
       3.565923093846e-02       1.721629499471e+04 
       3.582307666181e-02       1.714161082660e+04 
       3.598780993042e-02       1.706697198609e+04 
       3.615345798896e-02       1.699246346503e+04 
       3.632004916182e-02       1.691769181764e+04 
       3.648761290880e-02       1.684317005500e+04 
       3.665617988439e-02       1.676860590354e+04 
       3.682578200093e-02       1.669413943007e+04 
       3.699645249602e-02       1.661967996740e+04 
       3.716822600445e-02       1.654541076649e+04 
       3.734113863504e-02       1.647096142283e+04 
       3.751522805277e-02       1.639676043874e+04 
       3.769053356676e-02       1.632246332138e+04 
       3.786709622443e-02       1.624797429600e+04 
       3.804495891244e-02       1.617375902686e+04 
       3.822416646510e-02       1.609983835402e+04 
       3.840476578071e-02       1.602542548060e+04 
       3.858680594674e-02       1.595150262738e+04 
       3.877033837451e-02       1.587726808298e+04 
       3.895541694433e-02       1.580308688138e+04 
       3.914209816201e-02       1.572906318260e+04 
       3.933044132792e-02       1.565494062252e+04 
       3.952050871973e-02       1.558101530661e+04 
       3.971236579013e-02       1.550699144569e+04 
       3.990608138120e-02       1.543291669667e+04 
       4.010172795686e-02       1.535912796556e+04 
       4.029938185549e-02       1.528491130171e+04 
       4.049912356470e-02       1.521089624917e+04 
       4.070103802057e-02       1.513686594356e+04 
       4.090521493416e-02       1.506273371191e+04 
       4.111174914802e-02       1.498888417606e+04 
       4.132074102640e-02       1.491447280597e+04 
       4.153229688260e-02       1.484046819107e+04 
       4.174652944807e-02       1.476627907476e+04 
       4.196355838798e-02       1.469204100926e+04 
       4.218351086895e-02       1.461778533337e+04 
       4.240652218522e-02       1.454337168826e+04 
       4.263273645058e-02       1.446927937361e+04 
       4.286230736438e-02       1.439442733225e+04 
       4.309539906128e-02       1.431971273375e+04 
       4.333218705561e-02       1.424520080414e+04 
       4.357285929333e-02       1.417037191741e+04 
       4.381761732616e-02       1.409505825491e+04 
       4.406667762511e-02       1.401987722718e+04 
       4.432027305342e-02       1.394453912462e+04 
       4.457865452223e-02       1.386898158107e+04 
       4.484209285634e-02       1.379319948417e+04 
       4.511088090217e-02       1.371712215901e+04 
       4.538533591599e-02       1.364091285289e+04 
       4.566580227721e-02       1.356428087299e+04 
       4.595265458006e-02       1.348790117339e+04 
       4.624630116739e-02       1.341031452056e+04 
       4.654718818246e-02       1.333291198060e+04 
       4.685580423033e-02       1.325518629262e+04 
       4.717268575886e-02       1.317697460323e+04 
       4.749842329305e-02       1.309788947032e+04 
       4.783366868471e-02       1.301849224691e+04 
       4.817914357602e-02       1.293880175626e+04 
       4.853564931976e-02       1.285847902199e+04 
       4.890407865592e-02       1.277705989735e+04 
       4.928542951496e-02       1.269529647720e+04 
       4.968082140832e-02       1.261249131268e+04 
       5.009151498017e-02       1.252899949850e+04 
       5.051893544019e-02       1.244440989343e+04 
       5.096470078131e-02       1.235871299378e+04 
       5.143065592250e-02       1.227226088444e+04 
       5.191891421625e-02       1.218426942161e+04 
       5.243190814047e-02       1.209419206850e+04 
       5.297245147082e-02       1.200303326584e+04 
       5.354381581751e-02       1.190985199900e+04 
       5.414982511359e-02       1.181417390885e+04 
       5.479497243713e-02       1.171612944427e+04 
       5.548456435009e-02       1.161496896444e+04 
       5.622489852163e-02       1.151042987520e+04 
       5.702348027831e-02       1.140164138545e+04 
       5.788928186332e-02       1.128756603426e+04 
       5.883304257550e-02       1.116737096787e+04 
       5.986759484173e-02       1.104015281764e+04 
       6.100817415717e-02       1.090196564803e+04 
       6.227261979135e-02       1.075234951972e+04 
       6.368128682835e-02       1.058660014339e+04 
       6.525636656014e-02       1.039987883698e+04 
       6.702019064525e-02       1.018616015887e+04 
       6.899211351682e-02       9.939104359744e+03 
       7.118399884244e-02       9.651603395380e+03 
       7.359539700321e-02       9.317415971532e+03 
       7.621076071894e-02       8.934763697972e+03 
       7.900104405551e-02       8.507926190451e+03 
       8.192969609551e-02       8.048869205939e+03 
       8.496009510115e-02       7.572719952537e+03 
       8.806097767773e-02       7.098960022101e+03 
       9.120855108077e-02       6.645441872262e+03 
       9.438610130345e-02       6.226983408555e+03 
       9.758250148885e-02       5.853504277221e+03 
       1.007905985226e-01       5.530956790101e+03 
       1.040058945957e-01       5.259857663668e+03 
       1.072256002531e-01       5.036865753485e+03 
       1.104480001003e-01       4.856032616940e+03 
       1.136720446145e-01       4.709009827650e+03 
       1.168970935893e-01       4.586220447596e+03 
       1.201227571382e-01       4.477929220236e+03 
       1.233487979894e-01       4.374906599023e+03 
       1.265750717494e-01       4.269129006105e+03 
       1.298014904919e-01       4.154946070026e+03 
       1.330280006049e-01       4.028831354550e+03 
       1.362545693278e-01       3.889462767267e+03 
       1.394811765730e-01       3.738800829956e+03 
       1.427078099605e-01       3.579448004879e+03 
       1.459344618024e-01       3.416373180796e+03 
       1.491611272723e-01       3.254590272412e+03 
       1.523878032927e-01       3.098458692021e+03 
       1.556144878591e-01       2.952524079779e+03 
       1.588411796284e-01       2.819869394738e+03 
       1.620678776691e-01       2.702469501542e+03 
       1.652945813074e-01       2.600939018481e+03 
       1.685212900346e-01       2.514702947783e+03 
       1.717480034491e-01       2.442275521274e+03 
       1.749747212209e-01       2.381487223031e+03 
       1.782014430698e-01       2.329385023196e+03 
       1.814281687510e-01       2.283156644306e+03 
       1.846548980466e-01       2.240060855277e+03 
       1.878816307594e-01       2.197538493233e+03 
       1.911083667092e-01       2.152808440197e+03 
       1.943351057300e-01       2.104576367598e+03 
       1.975618476680e-01       2.052038481464e+03 
       2.007885923801e-01       1.995030469390e+03 
       2.040153397330e-01       1.934345301045e+03 
       2.072420896018e-01       1.871186931074e+03 
       2.104688418696e-01       1.807255357712e+03 
       2.136955964269e-01       1.744155071876e+03 
       2.169223531706e-01       1.683286582097e+03 
       2.201491120037e-01       1.625734194600e+03 
       2.233758728350e-01       1.572541061309e+03 
       2.266026355787e-01       1.524175583087e+03 
       2.298294001534e-01       1.480913505443e+03 
       2.330561664827e-01       1.442559950644e+03 
       2.362829344942e-01       1.408761711570e+03 
       2.395097041194e-01       1.378798576549e+03 
       2.427364752935e-01       1.351949475739e+03 
       2.459632479552e-01       1.327171949928e+03 
       2.491900220464e-01       1.303462588547e+03 
       2.524167975118e-01       1.280129223087e+03 
       2.556435742990e-01       1.256267150992e+03 
       2.588703523585e-01       1.231613047759e+03 
       2.620971316428e-01       1.205930140496e+03 
       2.653239121071e-01       1.179010691668e+03 
       2.685506937084e-01       1.151126585595e+03 
       2.717774764062e-01       1.122566649432e+03 
       2.750042601616e-01       1.093695607847e+03 
       2.782310449375e-01       1.065040927125e+03 
       2.814578306987e-01       1.036994457774e+03 
       2.846846174115e-01       1.010127677415e+03 
       2.879114050436e-01       9.847217902338e+02 
       2.911381935645e-01       9.610328767219e+02 
       2.943649829446e-01       9.391523053609e+02 
       2.975917731559e-01       9.190202502533e+02 
       3.008185641715e-01       9.005158550938e+02 
       3.040453559656e-01       8.834461310800e+02 
       3.072721485136e-01       8.674532132620e+02 
       3.104989417919e-01       8.523420301452e+02 
       3.137257357778e-01       8.378736387530e+02 
       3.169525304496e-01       8.236847188587e+02 
       3.201793257865e-01       8.095608397990e+02 
       3.234061217684e-01       7.953763425847e+02 
       3.266329183761e-01       7.809788373668e+02 
       3.298597155912e-01       7.663682691815e+02 
       3.330865133960e-01       7.514932625930e+02 
       3.363133117734e-01       7.365290413931e+02 
       3.395401107069e-01       7.216034046721e+02 
       3.427669101809e-01       7.067783372399e+02 
       3.459937101801e-01       6.922758635300e+02 
       3.492205106899e-01       6.781475363769e+02 
       3.524473116962e-01       6.645787510387e+02 
       3.556741131854e-01       6.515370480193e+02 
       3.589009151444e-01       6.391750766249e+02 
       3.621277175607e-01       6.274269804535e+02 
       3.653545204221e-01       6.163378940838e+02 
       3.685813237168e-01       6.058196503612e+02 
       3.718081274334e-01       5.958212672727e+02 
       3.750349315612e-01       5.862110684144e+02 
       3.782617360894e-01       5.769113804661e+02 
       3.814885410079e-01       5.678067694725e+02 
       3.847153463068e-01       5.588409763346e+02 
       3.879421519766e-01       5.499555461045e+02 
       3.911689580081e-01       5.411232852007e+02 
       3.943957643923e-01       5.323265964181e+02 
       3.976225711207e-01       5.236011548012e+02 
       4.008493781849e-01       5.148613803231e+02 
       4.040761855768e-01       5.062119463516e+02 
       4.073029932886e-01       4.976535873601e+02 
       4.105298013127e-01       4.892367557266e+02 
       4.137566096418e-01       4.809976239429e+02 
       4.169834182688e-01       4.729921985530e+02 
       4.202102271867e-01       4.652084571744e+02 
       4.234370363890e-01       4.576677794533e+02 
       4.266638458692e-01       4.503855651582e+02 
       4.298906556209e-01       4.433463166825e+02 
       4.331174656380e-01       4.365443295198e+02 
       4.363442759147e-01       4.299578640336e+02 
       4.395710864453e-01       4.235773161066e+02 
       4.427978972241e-01       4.173851593238e+02 
       4.460247082457e-01       4.113464053777e+02 
       4.492515195049e-01       4.054403308810e+02 
       4.524783309966e-01       3.996361454490e+02 
       4.557051427159e-01       3.939124514002e+02 
       4.589319546578e-01       3.882411699220e+02 
       4.621587668178e-01       3.826472279808e+02 
       4.653855791913e-01       3.771160633498e+02 
       4.686123917739e-01       3.716524506757e+02 
       4.718392045612e-01       3.662612773899e+02 
       4.903398684775e-01       3.371142394875e+02 
       5.101808916604e-01       3.100354072464e+02 
       5.316159777690e-01       2.842849261465e+02 
       5.549850815215e-01       2.590304674157e+02 
       5.807573775917e-01       2.349037828917e+02 
       6.096037565882e-01       2.114853895064e+02 
       6.425258304123e-01       1.884887837695e+02 
       6.811003658375e-01       1.658287455624e+02 
       7.279774385130e-01       1.430940098401e+02 
       7.879795572789e-01       1.198939025764e+02 
       8.706883585124e-01       9.572497376951e+01 
       9.962023949991e-01       7.039651125893e+01 
       1.199790826854e+00       4.575530535082e+01 
