# Matter power spectrum P(k) at redshift z=0.5
# for k=1.04932e-05 to 1.02586 h/Mpc,
# number of wavenumbers equal to 524
#    1:k (h/Mpc)              2:P (Mpc/h)^3        
       1.049318226059e-05       2.819517394168e+01 
       2.342616276858e-05       6.125237285796e+01 
       3.640499480341e-05       9.377234270029e+01 
       4.946488236998e-05       1.260896393890e+02 
       6.264161644611e-05       1.583974742420e+02 
       7.597189669400e-05       1.908423850591e+02 
       8.949366353842e-05       2.235508227514e+02 
       1.032464450613e-04       2.566401054736e+02 
       1.172717231960e-04       2.902240386510e+02 
       1.316133237390e-04       3.244163641548e+02 
       1.463178346997e-04       3.593331944100e+02 
       1.614350574474e-04       3.950948909686e+02 
       1.770184949191e-04       4.318277367311e+02 
       1.931258807667e-04       4.696654374656e+02 
       2.098197526189e-04       5.087505719026e+02 
       2.271680715031e-04       5.492360704274e+02 
       2.452448877108e-04       5.912866602931e+02 
       2.641310507860e-04       6.350803631800e+02 
       2.839149575716e-04       6.808099398218e+02 
       3.046933270209e-04       7.286844041794e+02 
       3.265719833780e-04       7.789303653761e+02 
       3.496666199213e-04       8.317932996995e+02 
       3.741035033749e-04       8.875385305823e+02 
       4.000200640633e-04       9.464518781020e+02 
       4.275652989772e-04       1.008839742311e+03 
       4.568998947415e-04       1.075028382891e+03 
       4.881959565347e-04       1.145362254475e+03 
       5.216362100857e-04       1.220200968466e+03 
       5.574125314164e-04       1.299914738080e+03 
       5.957236592794e-04       1.384877826464e+03 
       6.367719660597e-04       1.475460115341e+03 
       6.807592124856e-04       1.572016342453e+03 
       7.278812961373e-04       1.674873491953e+03 
       7.783221245023e-04       1.784316648221e+03 
       8.322468919443e-04       1.900574053851e+03 
       8.897951959967e-04       2.023802554592e+03 
       9.510745595174e-04       2.154074630017e+03 
       1.016154992934e-03       2.291368603456e+03 
       1.085065201626e-03       2.435563032026e+03 
       1.157790902955e-03       2.586436403994e+03 
       1.234275480364e-03       2.743672206764e+03 
       1.314422912849e-03       2.906869179945e+03 
       1.398102639210e-03       3.075540027400e+03 
       1.485155807527e-03       3.249165733736e+03 
       1.575402259116e-03       3.427193571235e+03 
       1.668647608777e-03       3.609045826106e+03 
       1.764689886781e-03       3.794143506343e+03 
       1.863325363835e-03       3.981919758933e+03 
       1.964353347710e-03       4.171830234267e+03 
       2.067579888463e-03       4.363360972787e+03 
       2.172820440967e-03       4.556032963661e+03 
       2.279901604719e-03       4.749405168376e+03 
       2.388662095883e-03       4.943075822609e+03 
       2.498953114204e-03       5.136681668921e+03 
       2.610638257117e-03       5.329897072143e+03 
       2.723593113320e-03       5.522431625461e+03 
       2.837704644350e-03       5.714028037483e+03 
       2.952870439126e-03       5.904459412367e+03 
       3.068997905318e-03       6.093525223849e+03 
       3.186003443571e-03       6.281050908620e+03 
       3.303811636396e-03       6.466883880746e+03 
       3.422354472515e-03       6.650892311920e+03 
       3.541570619210e-03       6.832960008223e+03 
       3.661404749343e-03       7.012989171854e+03 
       3.781806925469e-03       7.190895265746e+03 
       3.902732040725e-03       7.366606657952e+03 
       4.024139314303e-03       7.540062581085e+03 
       4.145991838268e-03       7.711211139223e+03 
       4.268256171856e-03       7.880012458400e+03 
       4.390901979181e-03       8.046431035972e+03 
       4.513901706277e-03       8.210441851398e+03 
       4.637230293506e-03       8.372020016759e+03 
       4.760864919666e-03       8.531152052304e+03 
       4.884784774337e-03       8.687830766660e+03 
       5.008970855362e-03       8.842044174188e+03 
       5.133405788628e-03       8.993793381838e+03 
       5.258073667611e-03       9.143073995496e+03 
       5.382959910428e-03       9.289888917982e+03 
       5.508051132378e-03       9.434295907839e+03 
       5.633335032191e-03       9.576307069282e+03 
       5.758800290410e-03       9.715742720595e+03 
       5.884436478516e-03       9.852655235864e+03 
       6.010233977566e-03       9.987159814199e+03 
       6.136183905261e-03       1.011929082047e+04 
       6.262278050501e-03       1.024900602794e+04 
       6.388508814575e-03       1.037658768494e+04 
       6.514869158257e-03       1.050209765039e+04 
       6.641352554151e-03       1.062486813314e+04 
       6.767952943715e-03       1.074533531120e+04 
       6.894664698449e-03       1.086351134355e+04 
       7.021482584811e-03       1.097941634657e+04 
       7.148401732451e-03       1.109306849017e+04 
       7.275417605429e-03       1.120446942139e+04 
       7.402525976089e-03       1.131366546053e+04 
       7.529722901334e-03       1.142067055817e+04 
       7.657004701036e-03       1.152551739350e+04 
       7.784367938388e-03       1.162827791428e+04 
       7.911809401985e-03       1.172884437941e+04 
       8.039326089471e-03       1.182729853830e+04 
       8.166915192604e-03       1.192366790133e+04 
       8.294574083594e-03       1.201798046457e+04 
       8.422300302594e-03       1.211025254066e+04 
       8.550091546238e-03       1.220050201943e+04 
       8.677945657129e-03       1.228876034316e+04 
       8.805860614181e-03       1.237504274389e+04 
       8.933834523747e-03       1.245937131848e+04 
       9.061865611460e-03       1.254176524263e+04 
       9.189952214712e-03       1.262224998628e+04 
       9.318092775735e-03       1.270083866979e+04 
       9.446285835213e-03       1.277755446015e+04 
       9.574530026389e-03       1.285242700652e+04 
       9.702824069616e-03       1.292538397329e+04 
       9.831166767333e-03       1.299670234654e+04 
       9.959556999406e-03       1.306613660756e+04 
       1.008799371882e-02       1.313381767325e+04 
       1.021647594769e-02       1.319972874937e+04 
       1.034500277356e-02       1.326391794655e+04 
       1.047357334599e-02       1.332641182072e+04 
       1.060218687336e-02       1.338719013759e+04 
       1.073084261992e-02       1.344632269321e+04 
       1.085953990304e-02       1.350378771218e+04 
       1.098827809070e-02       1.355960895833e+04 
       1.111705659909e-02       1.361382813351e+04 
       1.124587489042e-02       1.366645236574e+04 
       1.137473247087e-02       1.371750946713e+04 
       1.150362888870e-02       1.376698688351e+04 
       1.163256373250e-02       1.381493712391e+04 
       1.176153662948e-02       1.386134462805e+04 
       1.189054724402e-02       1.390625284075e+04 
       1.201959527618e-02       1.394966950092e+04 
       1.214868046044e-02       1.399162084741e+04 
       1.227780256440e-02       1.403213314270e+04 
       1.240696138771e-02       1.407120193320e+04 
       1.253615676094e-02       1.410882168864e+04 
       1.266538854464e-02       1.414507596577e+04 
       1.279465662842e-02       1.417990937802e+04 
       1.292396093007e-02       1.421341354559e+04 
       1.305330139481e-02       1.424554579194e+04 
       1.318267799454e-02       1.427633572972e+04 
       1.331209072720e-02       1.430580252587e+04 
       1.344153961609e-02       1.433397944489e+04 
       1.357102470937e-02       1.436084834794e+04 
       1.370054607949e-02       1.438644326537e+04 
       1.383010382273e-02       1.441079354493e+04 
       1.395969805873e-02       1.443390750508e+04 
       1.408932893015e-02       1.445576861190e+04 
       1.421899660225e-02       1.447644496972e+04 
       1.434870126259e-02       1.449589700674e+04 
       1.447844312073e-02       1.451418595592e+04 
       1.460822240797e-02       1.453129848394e+04 
       1.473803937712e-02       1.454727505724e+04 
       1.486789430231e-02       1.456210004710e+04 
       1.499778747881e-02       1.457580411951e+04 
       1.512771922284e-02       1.458837730902e+04 
       1.525768987154e-02       1.459986867208e+04 
       1.538769978280e-02       1.461021534328e+04 
       1.551774933521e-02       1.461964085156e+04 
       1.564783892802e-02       1.462792280118e+04 
       1.577796898109e-02       1.463505600438e+04 
       1.590813993493e-02       1.464140450809e+04 
       1.603835225067e-02       1.464663364481e+04 
       1.616860641012e-02       1.465085484555e+04 
       1.629890291581e-02       1.465409051503e+04 
       1.642924229109e-02       1.465634257677e+04 
       1.655962508020e-02       1.465764566687e+04 
       1.669005184840e-02       1.465798586225e+04 
       1.682052318210e-02       1.465742955585e+04 
       1.695103968899e-02       1.465568308685e+04 
       1.708160199823e-02       1.465351074373e+04 
       1.721221076062e-02       1.465002135505e+04 
       1.734286664882e-02       1.464599200458e+04 
       1.747357035753e-02       1.464094094212e+04 
       1.760432260378e-02       1.463503176132e+04 
       1.773512412711e-02       1.462811914979e+04 
       1.786597568992e-02       1.462066190271e+04 
       1.799687807769e-02       1.461227323422e+04 
       1.812783209933e-02       1.460288364507e+04 
       1.825883858744e-02       1.459301903422e+04 
       1.838989839871e-02       1.458201222574e+04 
       1.852101241423e-02       1.457042693598e+04 
       1.865218153987e-02       1.455831638324e+04 
       1.878340670668e-02       1.454500854815e+04 
       1.891468887126e-02       1.453120556630e+04 
       1.904602901620e-02       1.451682246318e+04 
       1.917742815053e-02       1.450154751576e+04 
       1.930888731016e-02       1.448557905546e+04 
       1.944040755834e-02       1.446889279540e+04 
       1.957198998617e-02       1.445157739663e+04 
       1.970363571311e-02       1.443353797561e+04 
       1.983534588751e-02       1.441459161750e+04 
       1.996712168713e-02       1.439513772696e+04 
       2.009896431973e-02       1.437556186591e+04 
       2.023087502366e-02       1.435467668115e+04 
       2.036285506845e-02       1.433346546995e+04 
       2.049490575547e-02       1.431191526336e+04 
       2.062702841851e-02       1.428946992606e+04 
       2.075922442452e-02       1.426645189642e+04 
       2.089149517427e-02       1.424250021160e+04 
       2.102384210308e-02       1.421829211420e+04 
       2.115626668151e-02       1.419370111701e+04 
       2.128877041620e-02       1.416842585728e+04 
       2.142135485057e-02       1.414265333691e+04 
       2.155402156571e-02       1.411661619861e+04 
       2.168677218114e-02       1.408955068872e+04 
       2.181960835574e-02       1.406205254997e+04 
       2.195253178859e-02       1.403412756460e+04 
       2.208554421991e-02       1.400588478798e+04 
       2.221864743200e-02       1.397718780994e+04 
       2.235184325024e-02       1.394778797699e+04 
       2.248513354402e-02       1.391806885896e+04 
       2.261852022790e-02       1.388793503947e+04 
       2.275200526254e-02       1.385722928886e+04 
       2.288559065593e-02       1.382616324671e+04 
       2.301927846444e-02       1.379466391887e+04 
       2.315307079405e-02       1.376275949041e+04 
       2.328696980149e-02       1.373077420229e+04 
       2.342097769559e-02       1.369806043898e+04 
       2.355509673848e-02       1.366453322184e+04 
       2.368932924694e-02       1.363119530100e+04 
       2.382367759381e-02       1.359729339317e+04 
       2.395814420935e-02       1.356317891872e+04 
       2.409273158273e-02       1.352850047340e+04 
       2.422744226354e-02       1.349356498708e+04 
       2.436227886330e-02       1.345829960783e+04 
       2.449724405713e-02       1.342271931434e+04 
       2.463234058536e-02       1.338674363781e+04 
       2.476757125525e-02       1.335052077548e+04 
       2.490293894274e-02       1.331386994518e+04 
       2.503844659433e-02       1.327703553202e+04 
       2.517409722888e-02       1.323993831250e+04 
       2.530989393963e-02       1.320247759355e+04 
       2.544583989616e-02       1.316484517625e+04 
       2.558193834649e-02       1.312689351830e+04 
       2.571819261924e-02       1.308850935343e+04 
       2.585460612581e-02       1.304997989948e+04 
       2.599118236272e-02       1.301123723794e+04 
       2.612792491394e-02       1.297228099020e+04 
       2.626483745339e-02       1.293330218603e+04 
       2.640192374746e-02       1.289363685066e+04 
       2.653918765763e-02       1.285383576379e+04 
       2.667663314319e-02       1.281393262205e+04 
       2.681426426410e-02       1.277382227930e+04 
       2.695208518383e-02       1.273353586719e+04 
       2.709010017247e-02       1.269299521421e+04 
       2.722831360979e-02       1.265222371902e+04 
       2.736672998852e-02       1.261146124288e+04 
       2.750535391768e-02       1.257035120677e+04 
       2.764419012613e-02       1.252903787908e+04 
       2.778324346609e-02       1.248761929244e+04 
       2.792251891698e-02       1.244603796115e+04 
       2.806202158923e-02       1.240456737180e+04 
       2.820175672839e-02       1.236239351858e+04 
       2.834172971926e-02       1.232036328054e+04 
       2.848194609026e-02       1.227812780926e+04 
       2.862241151796e-02       1.223582888007e+04 
       2.876313183178e-02       1.219362306230e+04 
       2.890411301881e-02       1.215087616083e+04 
       2.904536122895e-02       1.210821851176e+04 
       2.918688278017e-02       1.206549082677e+04 
       2.932868416395e-02       1.202255970655e+04 
       2.947077205102e-02       1.197966555148e+04 
       2.961315329732e-02       1.193641406285e+04 
       2.975583495013e-02       1.189342710929e+04 
       2.989882425455e-02       1.185010784162e+04 
       3.004212866019e-02       1.180661684110e+04 
       3.018575582818e-02       1.176313930931e+04 
       3.032971363845e-02       1.171964750969e+04 
       3.047401019731e-02       1.167599734297e+04 
       3.061865384541e-02       1.163235395500e+04 
       3.076365316603e-02       1.158860092490e+04 
       3.090901699365e-02       1.154486211760e+04 
       3.105475442307e-02       1.150098391035e+04 
       3.120087481877e-02       1.145711793498e+04 
       3.134738782479e-02       1.141316146588e+04 
       3.149430337504e-02       1.136915282717e+04 
       3.164163170407e-02       1.132514437183e+04 
       3.178938335834e-02       1.128103631636e+04 
       3.193756920806e-02       1.123697514147e+04 
       3.208620045955e-02       1.119281858274e+04 
       3.223528866816e-02       1.114864403342e+04 
       3.238484575192e-02       1.110448446203e+04 
       3.253488400575e-02       1.106027944411e+04 
       3.268541611640e-02       1.101618689325e+04 
       3.283645517816e-02       1.097194060931e+04 
       3.298801470935e-02       1.092768183653e+04 
       3.314010866960e-02       1.088343979872e+04 
       3.329275147807e-02       1.083902016749e+04 
       3.344595803262e-02       1.079482385410e+04 
       3.359974372989e-02       1.075054060260e+04 
       3.375412448655e-02       1.070625193354e+04 
       3.390911676165e-02       1.066188456443e+04 
       3.406473758011e-02       1.061765726137e+04 
       3.422100455761e-02       1.057338514520e+04 
       3.437793592672e-02       1.052913894701e+04 
       3.453555056461e-02       1.048486393810e+04 
       3.469386802223e-02       1.044052015058e+04 
       3.485290855521e-02       1.039628695677e+04 
       3.501269315645e-02       1.035203084809e+04 
       3.517324359078e-02       1.030782905949e+04 
       3.533458243145e-02       1.026373567938e+04 
       3.549673309897e-02       1.021949091873e+04 
       3.565971990219e-02       1.017529586042e+04 
       3.582356808193e-02       1.013111439166e+04 
       3.598830385730e-02       1.008697376374e+04 
       3.615395447492e-02       1.004296212869e+04 
       3.632054826122e-02       9.998767275800e+03 
       3.648811467812e-02       9.954724112603e+03 
       3.665668438238e-02       9.910717478900e+03 
       3.682628928870e-02       9.866702479968e+03 
       3.699696263718e-02       9.822665097859e+03 
       3.716873906524e-02       9.778691782955e+03 
       3.734165468445e-02       9.734715697614e+03 
       3.751574716274e-02       9.690914082852e+03 
       3.769105581230e-02       9.646885954167e+03 
       3.786762168381e-02       9.603011965201e+03 
       3.804548766738e-02       9.559137873829e+03 
       3.822469860098e-02       9.515332519036e+03 
       3.840530138677e-02       9.471444503189e+03 
       3.858734511632e-02       9.427730880626e+03 
       3.877088120529e-02       9.383869879736e+03 
       3.895596353860e-02       9.340030559143e+03 
       3.914264862698e-02       9.296249433225e+03 
       3.933099577601e-02       9.252494686424e+03 
       3.952106726893e-02       9.208847453267e+03 
       3.971292856434e-02       9.165000684819e+03 
       3.990664851064e-02       9.121359565021e+03 
       4.010229957851e-02       9.077511008396e+03 
       4.029995811355e-02       9.033796586161e+03 
       4.049970461108e-02       8.990015281508e+03 
       4.070162401547e-02       8.946281908344e+03 
       4.090580604666e-02       8.902568449162e+03 
       4.111234555675e-02       8.858846170994e+03 
       4.132134292025e-02       8.815059671625e+03 
       4.153290446151e-02       8.771135600981e+03 
       4.174714292390e-02       8.727431426748e+03 
       4.196417798548e-02       8.683478489215e+03 
       4.218413682680e-02       8.639576707398e+03 
       4.240715475716e-02       8.595577137129e+03 
       4.263337590673e-02       8.551691890895e+03 
       4.286295399263e-02       8.507554836339e+03 
       4.309605316888e-02       8.463562520955e+03 
       4.333284897093e-02       8.419283404454e+03 
       4.357352936776e-02       8.375085235274e+03 
       4.381829593633e-02       8.330622918841e+03 
       4.406736517530e-02       8.286205373846e+03 
       4.432096997830e-02       8.241678029944e+03 
       4.457936128993e-02       8.196985129057e+03 
       4.484280997189e-02       8.152238457506e+03 
       4.511160891146e-02       8.107477770102e+03 
       4.538607541016e-02       8.062313121459e+03 
       4.566655389770e-02       8.017027981369e+03 
       4.595341902439e-02       7.971772567742e+03 
       4.624707919570e-02       7.926066565225e+03 
       4.654798062507e-02       7.880275490521e+03 
       4.685661199644e-02       7.834281275773e+03 
       4.717350984659e-02       7.787962178525e+03 
       4.749926480106e-02       7.741365788418e+03 
       4.783452882581e-02       7.694446812169e+03 
       4.818002369297e-02       7.647240809584e+03 
       4.853655090391e-02       7.599650970984e+03 
       4.890500336909e-02       7.551748494759e+03 
       4.928637921544e-02       7.503360391557e+03 
       4.968179818169e-02       7.454461676740e+03 
       5.009252117623e-02       7.405130962454e+03 
       5.051997371718e-02       7.355326305242e+03 
       5.096577415933e-02       7.304577404121e+03 
       5.143176784822e-02       7.253319518273e+03 
       5.192006864172e-02       7.201100992403e+03 
       5.243310961951e-02       7.148160496430e+03 
       5.297370527741e-02       7.094115720127e+03 
       5.354512809167e-02       7.038903438387e+03 
       5.415120304158e-02       6.982582796322e+03 
       5.479642447420e-02       6.924379582812e+03 
       5.548610049526e-02       6.864601887537e+03 
       5.622653065466e-02       6.802889141589e+03 
       5.702522256772e-02       6.738616896919e+03 
       5.789115124879e-02       6.671318542665e+03 
       5.883505931362e-02       6.600361099385e+03 
       5.986978307225e-02       6.524915274355e+03 
       6.101056238396e-02       6.443442340887e+03 
       6.227524105869e-02       6.354874258786e+03 
       6.368417819253e-02       6.256758118432e+03 
       6.525956722641e-02       6.146509402656e+03 
       6.702373799284e-02       6.020246583477e+03 
       6.899603652262e-02       5.874323188019e+03 
       7.118830965986e-02       5.704119131800e+03 
       7.360008369342e-02       5.506550002060e+03 
       7.621578571103e-02       5.280303926725e+03 
       7.900635095273e-02       5.028181325389e+03 
       8.193522205475e-02       4.756609925177e+03 
       8.496578242903e-02       4.475315156062e+03 
       8.806678021303e-02       4.195366165973e+03 
       9.121443528789e-02       3.927272595530e+03 
       9.439204436274e-02       3.679968844147e+03 
       9.758848852443e-02       3.459295556026e+03 
       1.007966200989e-01       3.268742937538e+03 
       1.040119448294e-01       3.108505511462e+03 
       1.072316755144e-01       2.976793555607e+03 
       1.104540981640e-01       2.869967507346e+03 
       1.136781641216e-01       2.783136623241e+03 
       1.169032337116e-01       2.710579923249e+03 
       1.201289173717e-01       2.646631925219e+03 
       1.233549780274e-01       2.585681224707e+03 
       1.265812714051e-01       2.523223863762e+03 
       1.298077096514e-01       2.455723812549e+03 
       1.330342391988e-01       2.381076894636e+03 
       1.362608273136e-01       2.298777837885e+03 
       1.394874539244e-01       2.209594134603e+03 
       1.427141066613e-01       2.115549817817e+03 
       1.459407778425e-01       2.019115905446e+03 
       1.491674626452e-01       1.923399388967e+03 
       1.523941579944e-01       1.831181784088e+03 
       1.556208618867e-01       1.744925554225e+03 
       1.588475729801e-01       1.666546309949e+03 
       1.620742903435e-01       1.597174745299e+03 
       1.653010133036e-01       1.537154730718e+03 
       1.685277413517e-01       1.486204826168e+03 
       1.717544740865e-01       1.443455357249e+03 
       1.749812111781e-01       1.407500998291e+03 
       1.782079523463e-01       1.376748087662e+03 
       1.814346973464e-01       1.349414486060e+03 
       1.846614459605e-01       1.323984847663e+03 
       1.878881979915e-01       1.298779240635e+03 
       1.911149532592e-01       1.272399979255e+03 
       1.943417115976e-01       1.243890198484e+03 
       1.975684728529e-01       1.212783730361e+03 
       2.007952368821e-01       1.179069129533e+03 
       2.040220035518e-01       1.143186657706e+03 
       2.072487727372e-01       1.105911971166e+03 
       2.104755443215e-01       1.068158328142e+03 
       2.137023181949e-01       1.030819599084e+03 
       2.169290942546e-01       9.948345141550e+02 
       2.201558724036e-01       9.608386949490e+02 
       2.233826525507e-01       9.294121959548e+02 
       2.266094346099e-01       9.008329402560e+02 
       2.298362185000e-01       8.752406367537e+02 
       2.330630041446e-01       8.525879245971e+02 
       2.362897914712e-01       8.325955994288e+02 
       2.395165804114e-01       8.149199156026e+02 
       2.427433709005e-01       7.990571661462e+02 
       2.459701628770e-01       7.844121292423e+02 
       2.491969562828e-01       7.704191939133e+02 
       2.524237510628e-01       7.565796682959e+02 
       2.556505471646e-01       7.425201620940e+02 
       2.588773445385e-01       7.279479298706e+02 
       2.621041431371e-01       7.127445722472e+02 
       2.653309429156e-01       6.968388296418e+02 
       2.685577438312e-01       6.803686544270e+02 
       2.717845458431e-01       6.634970935991e+02 
       2.750113489125e-01       6.464147101213e+02 
       2.782381530023e-01       6.294772440368e+02 
       2.814649580774e-01       6.129171171332e+02 
       2.846917641040e-01       5.970136478440e+02 
       2.879185710500e-01       5.819859561609e+02 
       2.911453788845e-01       5.680137020032e+02 
       2.943721875783e-01       5.550766739560e+02 
       2.975989971032e-01       5.431680606734e+02 
       3.008258074324e-01       5.322395709845e+02 
       3.040526185400e-01       5.221295984113e+02 
       3.072794304015e-01       5.127030009795e+02 
       3.105062429932e-01       5.037885509063e+02 
       3.137330562925e-01       4.952136211359e+02 
       3.169598702777e-01       4.868227285067e+02 
       3.201866849279e-01       4.784941304620e+02 
       3.234135002230e-01       4.701158338427e+02 
       3.266403161440e-01       4.616092734111e+02 
       3.298671326724e-01       4.529551149120e+02 
       3.330939497903e-01       4.441780953956e+02 
       3.363207674808e-01       4.353229087316e+02 
       3.395475857275e-01       4.264964671423e+02 
       3.427744045145e-01       4.177462526472e+02 
       3.460012238268e-01       4.091600329048e+02 
       3.492280436496e-01       4.008290828529e+02 
       3.524548639688e-01       3.927782452445e+02 
       3.556816847710e-01       3.850874541029e+02 
       3.589085060430e-01       3.777679682124e+02 
       3.621353277723e-01       3.708429867133e+02 
       3.653621499465e-01       3.642884043144e+02 
       3.685889725541e-01       3.580788082566e+02 
       3.718157955836e-01       3.521558094928e+02 
       3.750426190242e-01       3.464830624151e+02 
       3.782694428652e-01       3.409799088619e+02 
       3.814962670965e-01       3.355923214923e+02 
       3.847230917082e-01       3.302923641977e+02 
       3.879499166908e-01       3.250453149266e+02 
       3.911767420350e-01       3.198301122744e+02 
       3.944035677320e-01       3.146437914147e+02 
       3.976303937730e-01       3.094700842991e+02 
       4.008572201499e-01       3.043200794239e+02 
       4.040840468545e-01       2.992006052454e+02 
       4.073108738789e-01       2.941486084527e+02 
       4.105377012157e-01       2.891723405524e+02 
       4.137645288575e-01       2.842976169741e+02 
       4.169913567971e-01       2.795555150159e+02 
       4.202181850276e-01       2.749604940263e+02 
       4.234450135425e-01       2.705084674530e+02 
       4.266718423353e-01       2.661978563245e+02 
       4.298986713995e-01       2.620395125785e+02 
       4.331255007292e-01       2.580163268382e+02 
       4.363523303185e-01       2.541279684156e+02 
       4.395791601616e-01       2.503565376647e+02 
       4.428059902529e-01       2.466941683835e+02 
       4.460328205870e-01       2.431260422193e+02 
       4.492596511588e-01       2.396351266769e+02 
       4.524864819630e-01       2.362049098884e+02 
       4.557133129947e-01       2.328227875448e+02 
       4.589401442492e-01       2.294751220437e+02 
       4.621669757216e-01       2.261685472067e+02 
       4.653938074076e-01       2.228995309749e+02 
       4.686206393026e-01       2.196699697556e+02 
       4.718474714023e-01       2.164834742676e+02 
       4.750743037027e-01       2.133436309238e+02 
       4.937999776021e-01       1.962805283200e+02 
       5.139065611954e-01       1.804875231999e+02 
       5.356609251702e-01       1.653189567460e+02 
       5.594224325626e-01       1.504892703296e+02 
       5.856899717417e-01       1.363418205231e+02 
       6.151820208169e-01       1.225349849821e+02 
       6.489806293580e-01       1.090021548636e+02 
       6.888076199561e-01       9.560779568089e+01 
       7.375954322879e-01       8.214674057499e+01 
       8.007642586690e-01       6.835109878421e+01 
       8.892426438048e-01       5.393840723215e+01 
       1.025861980015e+00       3.889481851762e+01 
