# Matter power spectrum P(k) at redshift z=0
# for k=1.04932e-05 to 1.02586 h/Mpc,
# number of wavenumbers equal to 524
#    1:k (h/Mpc)              2:P (Mpc/h)^3        
       1.049318226059e-05       4.790064401729e+01 
       2.342616276858e-05       1.040545896062e+02 
       3.640499480341e-05       1.593069692848e+02 
       4.946488236998e-05       2.142130944828e+02 
       6.264161644611e-05       2.690834313504e+02 
       7.597189669400e-05       3.242251902514e+02 
       8.949366353842e-05       3.797935710652e+02 
       1.032464450613e-04       4.360078071148e+02 
       1.172717231960e-04       4.930388257592e+02 
       1.316133237390e-04       5.511230713034e+02 
       1.463178346997e-04       6.104582279254e+02 
       1.614350574474e-04       6.712117942228e+02 
       1.770184949191e-04       7.335957029519e+02 
       1.931258807667e-04       7.978969062069e+02 
       2.098197526189e-04       8.642894760430e+02 
       2.271680715031e-04       9.330437135143e+02 
       2.452448877108e-04       1.004486414470e+03 
       2.641310507860e-04       1.078878458288e+03 
       2.839149575716e-04       1.156523859886e+03 
       3.046933270209e-04       1.237850331873e+03 
       3.265719833780e-04       1.323184781975e+03 
       3.496666199213e-04       1.412979783630e+03 
       3.741035033749e-04       1.507626172517e+03 
       4.000200640633e-04       1.607699411319e+03 
       4.275652989772e-04       1.713650827935e+03 
       4.568998947415e-04       1.826051019769e+03 
       4.881959565347e-04       1.945463735045e+03 
       5.216362100857e-04       2.072547886394e+03 
       5.574125314164e-04       2.207896579509e+03 
       5.957236592794e-04       2.352149280232e+03 
       6.367719660597e-04       2.505930347040e+03 
       6.807592124856e-04       2.669863776211e+03 
       7.278812961373e-04       2.844488355801e+03 
       7.783221245023e-04       3.030294307936e+03 
       8.322468919443e-04       3.227665360258e+03 
       8.897951959967e-04       3.436878670847e+03 
       9.510745595174e-04       3.658053179063e+03 
       1.016154992934e-03       3.891156947765e+03 
       1.085065201626e-03       4.135971032326e+03 
       1.157790902955e-03       4.392135260811e+03 
       1.234275480364e-03       4.659102559019e+03 
       1.314422912849e-03       4.936192409275e+03 
       1.398102639210e-03       5.222575131719e+03 
       1.485155807527e-03       5.517372116224e+03 
       1.575402259116e-03       5.819648427106e+03 
       1.668647608777e-03       6.128416661552e+03 
       1.764689886781e-03       6.442698590774e+03 
       1.863325363835e-03       6.761535111127e+03 
       1.964353347710e-03       7.083991208780e+03 
       2.067579888463e-03       7.409197585380e+03 
       2.172820440967e-03       7.736343450264e+03 
       2.279901604719e-03       8.064680039804e+03 
       2.388662095883e-03       8.393523868332e+03 
       2.498953114204e-03       8.722257915470e+03 
       2.610638257117e-03       9.050329927099e+03 
       2.723593113320e-03       9.377246619974e+03 
       2.837704644350e-03       9.702572212743e+03 
       2.952870439126e-03       1.002591751093e+04 
       3.068997905318e-03       1.034694614883e+04 
       3.186003443571e-03       1.066535919301e+04 
       3.303811636396e-03       1.098089951576e+04 
       3.422354472515e-03       1.129334050508e+04 
       3.541570619210e-03       1.160248706636e+04 
       3.661404749343e-03       1.190817226099e+04 
       3.781806925469e-03       1.221025504293e+04 
       3.902732040725e-03       1.250860733086e+04 
       4.024139314303e-03       1.280313280328e+04 
       4.145991838268e-03       1.309373972755e+04 
       4.268256171856e-03       1.338036124414e+04 
       4.390901979181e-03       1.366293735888e+04 
       4.513901706277e-03       1.394142500034e+04 
       4.637230293506e-03       1.421578256125e+04 
       4.760864919666e-03       1.448585127187e+04 
       4.884784774337e-03       1.475146562082e+04 
       5.008970855362e-03       1.501305738282e+04 
       5.133405788628e-03       1.527126834300e+04 
       5.258073667611e-03       1.552435693431e+04 
       5.382959910428e-03       1.577398127601e+04 
       5.508051132378e-03       1.601773780523e+04 
       5.633335032191e-03       1.625985846608e+04 
       5.758800290410e-03       1.649369060332e+04 
       5.884436478516e-03       1.672798435697e+04 
       6.010233977566e-03       1.695499730133e+04 
       6.136183905261e-03       1.718135469267e+04 
       6.262278050501e-03       1.740229453094e+04 
       6.388508814575e-03       1.761852880061e+04 
       6.514869158257e-03       1.783004398350e+04 
       6.641352554151e-03       1.803897849204e+04 
       6.767952943715e-03       1.824450652364e+04 
       6.894664698449e-03       1.844355013006e+04 
       7.021482584811e-03       1.864097253353e+04 
       7.148401732451e-03       1.883437439350e+04 
       7.275417605429e-03       1.902317565432e+04 
       7.402525976089e-03       1.920947292093e+04 
       7.529722901334e-03       1.939033238075e+04 
       7.657004701036e-03       1.956832434911e+04 
       7.784367938388e-03       1.974303925199e+04 
       7.911809401985e-03       1.991415278197e+04 
       8.039326089471e-03       2.008216637587e+04 
       8.166915192604e-03       2.024492223454e+04 
       8.294574083594e-03       2.040522264071e+04 
       8.422300302594e-03       2.056250945610e+04 
       8.550091546238e-03       2.071331269322e+04 
       8.677945657129e-03       2.086481199192e+04 
       8.805860614181e-03       2.101019226471e+04 
       8.933834523747e-03       2.115345157364e+04 
       9.061865611460e-03       2.129234097873e+04 
       9.189952214712e-03       2.143162467847e+04 
       9.318092775735e-03       2.156237924783e+04 
       9.446285835213e-03       2.169441114824e+04 
       9.574530026389e-03       2.182221907991e+04 
       9.702824069616e-03       2.194452555122e+04 
       9.831166767333e-03       2.206705313728e+04 
       9.959556999406e-03       2.218503043992e+04 
       1.008799371882e-02       2.229987075478e+04 
       1.021647594769e-02       2.241225136315e+04 
       1.034500277356e-02       2.251906798181e+04 
       1.047357334599e-02       2.262676609900e+04 
       1.060218687336e-02       2.273001920665e+04 
       1.073084261992e-02       2.283133143064e+04 
       1.085953990304e-02       2.292845711832e+04 
       1.098827809070e-02       2.302078361148e+04 
       1.111705659909e-02       2.311465515696e+04 
       1.124587489042e-02       2.320492985999e+04 
       1.137473247087e-02       2.329090349881e+04 
       1.150362888870e-02       2.337563158910e+04 
       1.163256373250e-02       2.345693198795e+04 
       1.176153662948e-02       2.353356854937e+04 
       1.189054724402e-02       2.361101356532e+04 
       1.201959527618e-02       2.368418746316e+04 
       1.214868046044e-02       2.375586629416e+04 
       1.227780256440e-02       2.382542305090e+04 
       1.240696138771e-02       2.389185615185e+04 
       1.253615676094e-02       2.395471051546e+04 
       1.266538854464e-02       2.401681457294e+04 
       1.279465662842e-02       2.407567585434e+04 
       1.292396093007e-02       2.413344781355e+04 
       1.305330139481e-02       2.418811040616e+04 
       1.318267799454e-02       2.423772015968e+04 
       1.331209072720e-02       2.428949837648e+04 
       1.344153961609e-02       2.433685792354e+04 
       1.357102470937e-02       2.438260175498e+04 
       1.370054607949e-02       2.442616438624e+04 
       1.383010382273e-02       2.446704815732e+04 
       1.395969805873e-02       2.450645891649e+04 
       1.408932893015e-02       2.454293958244e+04 
       1.421899660225e-02       2.457949368611e+04 
       1.434870126259e-02       2.461135858068e+04 
       1.447844312073e-02       2.464405713983e+04 
       1.460822240797e-02       2.467325038979e+04 
       1.473803937712e-02       2.469998814723e+04 
       1.486789430231e-02       2.472543689190e+04 
       1.499778747881e-02       2.474777387002e+04 
       1.512771922284e-02       2.476730743243e+04 
       1.525768987154e-02       2.478858817746e+04 
       1.538769978280e-02       2.480452799302e+04 
       1.551774933521e-02       2.482072048891e+04 
       1.564783892802e-02       2.483717348502e+04 
       1.577796898109e-02       2.484822582509e+04 
       1.590813993493e-02       2.485820432417e+04 
       1.603835225067e-02       2.486606626635e+04 
       1.616860641012e-02       2.487542750563e+04 
       1.629890291581e-02       2.488129756380e+04 
       1.642924229109e-02       2.488415840652e+04 
       1.655962508020e-02       2.488720510161e+04 
       1.669005184840e-02       2.488788101481e+04 
       1.682052318210e-02       2.488628384123e+04 
       1.695103968899e-02       2.488306540102e+04 
       1.708160199823e-02       2.488035239830e+04 
       1.721221076062e-02       2.487282104193e+04 
       1.734286664882e-02       2.486708528409e+04 
       1.747357035753e-02       2.485805645626e+04 
       1.760432260378e-02       2.484955964353e+04 
       1.773512412711e-02       2.483759509085e+04 
       1.786597568992e-02       2.482326703831e+04 
       1.799687807769e-02       2.480955832932e+04 
       1.812783209933e-02       2.479385582360e+04 
       1.825883858744e-02       2.477784056487e+04 
       1.838989839871e-02       2.475703374677e+04 
       1.852101241423e-02       2.473794941123e+04 
       1.865218153987e-02       2.471802465502e+04 
       1.878340670668e-02       2.469507440902e+04 
       1.891468887126e-02       2.467278098974e+04 
       1.904602901620e-02       2.464675182784e+04 
       1.917742815053e-02       2.462229599159e+04 
       1.930888731016e-02       2.459533023080e+04 
       1.944040755834e-02       2.456649014442e+04 
       1.957198998617e-02       2.453829352516e+04 
       1.970363571311e-02       2.450563326874e+04 
       1.983534588751e-02       2.447399530803e+04 
       1.996712168713e-02       2.443931943426e+04 
       2.009896431973e-02       2.440839541156e+04 
       2.023087502366e-02       2.437320517116e+04 
       2.036285506845e-02       2.433499624312e+04 
       2.049490575547e-02       2.430047305059e+04 
       2.062702841851e-02       2.426074331980e+04 
       2.075922442452e-02       2.422219949332e+04 
       2.089149517427e-02       2.418245465003e+04 
       2.102384210308e-02       2.414126807886e+04 
       2.115626668151e-02       2.409737012528e+04 
       2.128877041620e-02       2.405442426492e+04 
       2.142135485057e-02       2.401033330337e+04 
       2.155402156571e-02       2.396678189355e+04 
       2.168677218114e-02       2.392270326656e+04 
       2.181960835574e-02       2.387511991191e+04 
       2.195253178859e-02       2.382806782266e+04 
       2.208554421991e-02       2.378025978587e+04 
       2.221864743200e-02       2.373003586019e+04 
       2.235184325024e-02       2.368157368093e+04 
       2.248513354402e-02       2.363142001728e+04 
       2.261852022790e-02       2.357848813587e+04 
       2.275200526254e-02       2.352640492975e+04 
       2.288559065593e-02       2.347368613385e+04 
       2.301927846444e-02       2.342138571584e+04 
       2.315307079405e-02       2.336737150829e+04 
       2.328696980149e-02       2.331261478719e+04 
       2.342097769559e-02       2.325840738404e+04 
       2.355509673848e-02       2.320113633102e+04 
       2.368932924694e-02       2.314426081911e+04 
       2.382367759381e-02       2.308519633460e+04 
       2.395814420935e-02       2.302788263714e+04 
       2.409273158273e-02       2.296933300485e+04 
       2.422744226354e-02       2.290880011970e+04 
       2.436227886330e-02       2.284999596142e+04 
       2.449724405713e-02       2.279070579704e+04 
       2.463234058536e-02       2.272926609063e+04 
       2.476757125525e-02       2.266821929263e+04 
       2.490293894274e-02       2.260450200774e+04 
       2.503844659433e-02       2.254063470457e+04 
       2.517409722888e-02       2.248091327616e+04 
       2.530989393963e-02       2.241460247066e+04 
       2.544583989616e-02       2.235293395977e+04 
       2.558193834649e-02       2.228736528241e+04 
       2.571819261924e-02       2.222232938149e+04 
       2.585460612581e-02       2.215709021435e+04 
       2.599118236272e-02       2.209085045558e+04 
       2.612792491394e-02       2.202578755903e+04 
       2.626483745339e-02       2.195904388284e+04 
       2.640192374746e-02       2.189223309858e+04 
       2.653918765763e-02       2.182294223129e+04 
       2.667663314319e-02       2.175644793932e+04 
       2.681426426410e-02       2.168792489331e+04 
       2.695208518383e-02       2.162050903369e+04 
       2.709010017247e-02       2.155051434942e+04 
       2.722831360979e-02       2.148009993630e+04 
       2.736672998852e-02       2.141350489651e+04 
       2.750535391768e-02       2.134380573116e+04 
       2.764419012613e-02       2.127363488786e+04 
       2.778324346609e-02       2.120032465048e+04 
       2.792251891698e-02       2.113104252000e+04 
       2.806202158923e-02       2.105969522197e+04 
       2.820175672839e-02       2.098895914144e+04 
       2.834172971926e-02       2.091859569514e+04 
       2.848194609026e-02       2.084760960645e+04 
       2.862241151796e-02       2.077575229461e+04 
       2.876313183178e-02       2.070179656361e+04 
       2.890411301881e-02       2.063151650011e+04 
       2.904536122895e-02       2.055631894717e+04 
       2.918688278017e-02       2.048556127917e+04 
       2.932868416395e-02       2.041247628068e+04 
       2.947077205102e-02       2.033854028216e+04 
       2.961315329732e-02       2.026738723683e+04 
       2.975583495013e-02       2.019443707057e+04 
       2.989882425455e-02       2.011985798113e+04 
       3.004212866019e-02       2.004521891222e+04 
       3.018575582818e-02       1.997248246447e+04 
       3.032971363845e-02       1.989907377364e+04 
       3.047401019731e-02       1.982504600256e+04 
       3.061865384541e-02       1.974929663081e+04 
       3.076365316603e-02       1.967573530558e+04 
       3.090901699365e-02       1.960144135057e+04 
       3.105475442307e-02       1.952713893094e+04 
       3.120087481877e-02       1.945238687468e+04 
       3.134738782479e-02       1.937773087955e+04 
       3.149430337504e-02       1.930315106485e+04 
       3.164163170407e-02       1.922825926530e+04 
       3.178938335834e-02       1.915285558205e+04 
       3.193756920806e-02       1.907985152584e+04 
       3.208620045955e-02       1.900463371709e+04 
       3.223528866816e-02       1.892944938562e+04 
       3.238484575192e-02       1.885493425736e+04 
       3.253488400575e-02       1.877984412567e+04 
       3.268541611640e-02       1.870431151880e+04 
       3.283645517816e-02       1.862948332867e+04 
       3.298801470935e-02       1.855262249499e+04 
       3.314010866960e-02       1.847737801802e+04 
       3.329275147807e-02       1.840397364870e+04 
       3.344595803262e-02       1.832705883908e+04 
       3.359974372989e-02       1.825280278676e+04 
       3.375412448655e-02       1.817811087208e+04 
       3.390911676165e-02       1.810202679207e+04 
       3.406473758011e-02       1.802665355947e+04 
       3.422100455761e-02       1.795217370259e+04 
       3.437793592672e-02       1.787718990554e+04 
       3.453555056461e-02       1.780098977257e+04 
       3.469386802223e-02       1.772687856602e+04 
       3.485290855521e-02       1.765172370971e+04 
       3.501269315645e-02       1.757680265740e+04 
       3.517324359078e-02       1.750129892072e+04 
       3.533458243145e-02       1.742631160343e+04 
       3.549673309897e-02       1.735182674912e+04 
       3.565971990219e-02       1.727643290999e+04 
       3.582356808193e-02       1.720122417720e+04 
       3.598830385730e-02       1.712595029800e+04 
       3.615395447492e-02       1.705137819139e+04 
       3.632054826122e-02       1.697637404377e+04 
       3.648811467812e-02       1.690092463074e+04 
       3.665668438238e-02       1.682713247263e+04 
       3.682628928870e-02       1.675098052481e+04 
       3.699696263718e-02       1.667824687573e+04 
       3.716873906524e-02       1.660198860793e+04 
       3.734165468445e-02       1.652788820951e+04 
       3.751574716274e-02       1.645343261726e+04 
       3.769105581230e-02       1.637993933774e+04 
       3.786762168381e-02       1.630469948220e+04 
       3.804548766738e-02       1.622982511658e+04 
       3.822469860098e-02       1.615645499317e+04 
       3.840530138677e-02       1.608192189245e+04 
       3.858734511632e-02       1.600758535262e+04 
       3.877088120529e-02       1.593178610092e+04 
       3.895596353860e-02       1.585861415250e+04 
       3.914264862698e-02       1.578418891477e+04 
       3.933099577601e-02       1.570958743535e+04 
       3.952106726893e-02       1.563603975533e+04 
       3.971292856434e-02       1.556107825631e+04 
       3.990664851064e-02       1.548753771906e+04 
       4.010229957851e-02       1.541284267555e+04 
       4.029995811355e-02       1.533890496536e+04 
       4.049970461108e-02       1.526403714456e+04 
       4.070162401547e-02       1.518948966979e+04 
       4.090580604666e-02       1.511534661064e+04 
       4.111234555675e-02       1.504024800620e+04 
       4.132134292025e-02       1.496586336738e+04 
       4.153290446151e-02       1.489271624267e+04 
       4.174714292390e-02       1.481733800834e+04 
       4.196417798548e-02       1.474374142299e+04 
       4.218413682680e-02       1.466841912858e+04 
       4.240715475716e-02       1.459361332098e+04 
       4.263337590673e-02       1.451999435151e+04 
       4.286295399263e-02       1.444526315971e+04 
       4.309605316888e-02       1.437005120183e+04 
       4.333284897093e-02       1.429422132233e+04 
       4.357352936776e-02       1.422005835463e+04 
       4.381829593633e-02       1.414457971586e+04 
       4.406736517530e-02       1.406924698701e+04 
       4.432096997830e-02       1.399240857184e+04 
       4.457936128993e-02       1.391788259303e+04 
       4.484280997189e-02       1.384163472458e+04 
       4.511160891146e-02       1.376570003856e+04 
       4.538607541016e-02       1.368843344622e+04 
       4.566655389770e-02       1.361143130424e+04 
       4.595341902439e-02       1.353550021329e+04 
       4.624707919570e-02       1.345777956966e+04 
       4.654798062507e-02       1.337962563071e+04 
       4.685661199644e-02       1.330148300635e+04 
       4.717350984659e-02       1.322330051185e+04 
       4.749926480106e-02       1.314333694455e+04 
       4.783452882581e-02       1.306440218294e+04 
       4.818002369297e-02       1.298435710041e+04 
       4.853655090391e-02       1.290207227770e+04 
       4.890500336909e-02       1.282063678994e+04 
       4.928637921544e-02       1.273886021386e+04 
       4.968179818169e-02       1.265689823871e+04 
       5.009252117623e-02       1.257324349411e+04 
       5.051997371718e-02       1.248804530961e+04 
       5.096577415933e-02       1.240068932996e+04 
       5.143176784822e-02       1.231484061224e+04 
       5.192006864172e-02       1.222622958767e+04 
       5.243310961951e-02       1.213703505022e+04 
       5.297370527741e-02       1.204441971388e+04 
       5.354512809167e-02       1.195006163484e+04 
       5.415120304158e-02       1.185503767675e+04 
       5.479642447420e-02       1.175719466161e+04 
       5.548610049526e-02       1.165429980331e+04 
       5.622653065466e-02       1.155061477478e+04 
       5.702522256772e-02       1.144123706022e+04 
       5.789115124879e-02       1.132718681840e+04 
       5.883505931362e-02       1.120538182430e+04 
       5.986978307225e-02       1.107871825714e+04 
       6.101056238396e-02       1.094025422419e+04 
       6.227524105869e-02       1.078961481700e+04 
       6.368417819253e-02       1.062312154730e+04 
       6.525956722641e-02       1.043576920589e+04 
       6.702373799284e-02       1.022127913885e+04 
       6.899603652262e-02       9.973902934386e+03 
       7.118830965986e-02       9.684425610134e+03 
       7.360008369342e-02       9.349718030009e+03 
       7.621578571103e-02       8.965480678675e+03 
       7.900635095273e-02       8.536630487123e+03 
       8.193522205475e-02       8.075972094400e+03 
       8.496578242903e-02       7.598717344209e+03 
       8.806678021303e-02       7.122742445795e+03 
       9.121443528789e-02       6.668077441731e+03 
       9.439204436274e-02       6.247794183673e+03 
       9.758848852443e-02       5.873684120768e+03 
       1.007966200989e-01       5.549986720874e+03 
       1.040119448294e-01       5.277737208563e+03 
       1.072316755144e-01       5.053943500495e+03 
       1.104540981640e-01       4.872891532170e+03 
       1.136781641216e-01       4.725575523982e+03 
       1.169032337116e-01       4.601984557372e+03 
       1.201289173717e-01       4.493754700747e+03 
       1.233549780274e-01       4.389846544730e+03 
       1.265812714051e-01       4.284063375481e+03 
       1.298077096514e-01       4.169338576723e+03 
       1.330342391988e-01       4.042883853064e+03 
       1.362608273136e-01       3.903028881185e+03 
       1.394874539244e-01       3.751241190663e+03 
       1.427141066613e-01       3.591854693106e+03 
       1.459407778425e-01       3.428028584741e+03 
       1.491674626452e-01       3.265699027651e+03 
       1.523941579944e-01       3.109152333516e+03 
       1.556208618867e-01       2.962514553449e+03 
       1.588475729801e-01       2.829676891468e+03 
       1.620742903435e-01       2.711839008139e+03 
       1.653010133036e-01       2.609877895171e+03 
       1.685277413517e-01       2.523454061316e+03 
       1.717544740865e-01       2.450802260939e+03 
       1.749812111781e-01       2.389749587578e+03 
       1.782079523463e-01       2.337530743844e+03 
       1.814346973464e-01       2.291142395296e+03 
       1.846614459605e-01       2.248009909881e+03 
       1.878881979915e-01       2.204955083090e+03 
       1.911149532592e-01       2.160347853219e+03 
       1.943417115976e-01       2.112036051147e+03 
       1.975684728529e-01       2.059157545411e+03 
       2.007952368821e-01       2.001978723863e+03 
       2.040220035518e-01       1.941035434241e+03 
       2.072487727372e-01       1.877703917948e+03 
       2.104755443215e-01       1.813647875946e+03 
       2.137023181949e-01       1.750216467839e+03 
       2.169290942546e-01       1.689000372252e+03 
       2.201558724036e-01       1.631401138479e+03 
       2.233826525507e-01       1.578006340284e+03 
       2.266094346099e-01       1.529549870995e+03 
       2.298362185000e-01       1.486089521091e+03 
       2.330630041446e-01       1.447469833213e+03 
       2.362897914712e-01       1.413644397064e+03 
       2.395165804114e-01       1.383683582833e+03 
       2.427433709005e-01       1.356690845708e+03 
       2.459701628770e-01       1.331769156553e+03 
       2.491969562828e-01       1.308004632021e+03 
       2.524237510628e-01       1.284602071220e+03 
       2.556505471646e-01       1.260739770804e+03 
       2.588773445385e-01       1.235887526003e+03 
       2.621041431371e-01       1.210185013487e+03 
       2.653309429156e-01       1.183151269761e+03 
       2.685577438312e-01       1.155165035945e+03 
       2.717845458431e-01       1.126491810924e+03 
       2.750113489125e-01       1.097548922041e+03 
       2.782381530023e-01       1.068736298153e+03 
       2.814649580774e-01       1.040659391004e+03 
       2.846917641040e-01       1.013624152375e+03 
       2.879185710500e-01       9.881688576220e+02 
       2.911453788845e-01       9.644128428507e+02 
       2.943721875783e-01       9.424256236215e+02 
       2.975989971032e-01       9.222437695098e+02 
       3.008258074324e-01       9.036704591387e+02 
       3.040526185400e-01       8.864259782201e+02 
       3.072794304015e-01       8.704814802940e+02 
       3.105062429932e-01       8.553208882113e+02 
       3.137330562925e-01       8.407744555510e+02 
       3.169598702777e-01       8.265944951008e+02 
       3.201866849279e-01       8.124392671384e+02 
       3.234135002230e-01       7.981526033409e+02 
       3.266403161440e-01       7.837266602068e+02 
       3.298671326724e-01       7.690297730002e+02 
       3.330939497903e-01       7.541063073258e+02 
       3.363207674808e-01       7.391056803099e+02 
       3.395475857275e-01       7.241274173476e+02 
       3.427744045145e-01       7.092650914169e+02 
       3.460012238268e-01       6.947074404324e+02 
       3.492280436496e-01       6.805173242079e+02 
       3.524548639688e-01       6.669073492634e+02 
       3.556816847710e-01       6.538325817504e+02 
       3.589085060430e-01       6.414385629521e+02 
       3.621353277723e-01       6.296664767634e+02 
       3.653621499465e-01       6.185347299776e+02 
       3.685889725541e-01       6.079546037504e+02 
       3.718157955836e-01       5.978949654746e+02 
       3.750426190242e-01       5.882824755696e+02 
       3.782694428652e-01       5.789138602846e+02 
       3.814962670965e-01       5.697889680336e+02 
       3.847230917082e-01       5.607903685026e+02 
       3.879499166908e-01       5.518761224476e+02 
       3.911767420350e-01       5.430336337574e+02 
       3.944035677320e-01       5.342478427746e+02 
       3.976303937730e-01       5.254278406680e+02 
       4.008572201499e-01       5.166849521682e+02 
       4.040840468545e-01       5.080043115468e+02 
       4.073108738789e-01       4.994189301113e+02 
       4.105377012157e-01       4.909717683903e+02 
       4.137645288575e-01       4.827056719612e+02 
       4.169913567971e-01       4.746556304621e+02 
       4.202181850276e-01       4.668195960677e+02 
       4.234450135425e-01       4.592618767100e+02 
       4.266718423353e-01       4.519644626067e+02 
       4.298986713995e-01       4.449039532734e+02 
       4.331255007292e-01       4.380591743837e+02 
       4.363523303185e-01       4.314503098588e+02 
       4.395791601616e-01       4.250865137230e+02 
       4.428059902529e-01       4.188357237415e+02 
       4.460328205870e-01       4.127828661590e+02 
       4.492596511588e-01       4.068480319141e+02 
       4.524864819630e-01       4.010222173643e+02 
       4.557133129947e-01       3.953093399784e+02 
       4.589401442492e-01       3.896253036390e+02 
       4.621669757216e-01       3.840059280781e+02 
       4.653938074076e-01       3.784553177458e+02 
       4.686206393026e-01       3.729714795767e+02 
       4.718474714023e-01       3.675650072797e+02 
       4.750743037027e-01       3.622371317473e+02 
       4.937999776021e-01       3.332435327326e+02 
       5.139065611954e-01       3.064336210609e+02 
       5.356609251702e-01       2.806816038822e+02 
       5.594224325626e-01       2.555174111567e+02 
       5.856899717417e-01       2.314824367637e+02 
       6.151820208169e-01       2.080423047895e+02 
       6.489806293580e-01       1.850648291007e+02 
       6.888076199561e-01       1.623238893123e+02 
       7.375954322879e-01       1.394691290928e+02 
       8.007642586690e-01       1.160466337744e+02 
       8.892426438048e-01       9.157663213216e+01 
       1.025861980015e+00       6.603557526352e+01 
